(7574,52875)
(11512,109412)
(25080,245716)
(35278,437590)
(45535,696665)
(53024,909182)
(55517,988743)
(60332,1137334)
(61921,1226046)
(64118,1362665)
(64366,1370249)
(75933,1675021)
(79616,1882912)
(84284,2137168)
(84796,2192235)
(85981,2265598)
(87557,2338113)
(92165,2638948)
(94621,2692494)
(95941,2836548)
(98857,3045603)
(100281,3072079)
(103072,3259395)
(104609,3476311)
(105200,3507748)
(107717,3735229)
(108559,3811943)
(113662,3966519)
(118123,4352505)
(122527,4557639)
(124036,4652705)
(124478,4671096)
(125250,4751078)
(126364,4840910)
(141575,5763146)
(143716,5845179)
(144540,5852752)
(147464,6023909)
(148012,6094191)
(150072,6603832)
(150382,6634202)
(152118,6758879)
(152329,6820812)
(152839,6931427)
(153767,6973896)
(158290,7309300)
(158513,7326128)
(162717,7557193)
(175898,8104023)
(178798,8329057)
(179239,8386925)
(179539,8451392)
(179659,8491676)
(191738,9197265)
(192697,9443690)
(203834,10383888)
(208280,10648851)
(211688,11076058)
(212350,11130214)
(212462,11136728)
(212869,11216588)
(223869,11750968)
(252362,12752144)
(260665,13276186)
(262412,13349756)
(272154,14431390)
(272229,14450639)
(272485,14465730)
(273203,14493951)
(273393,14535579)
(281067,14867541)
(281594,14995703)
(283811,15165488)
(284415,15259622)
(285602,15436469)
(289218,15505236)
(289303,15510317)
(290314,15611366)
(291831,15780075)
(291919,15792996)
(292530,16011307)
(293849,16211427)
(294220,16250234)
(294541,16297996)
(295229,16378693)
(299018,16518342)
(299238,16524145)
(302649,17201272)
(306968,17366833)
(314626,17953328)
(314956,17987134)
(315411,18032938)
(330594,18782102)
(331360,18869942)
(352655,19040457)
(378473,20367761)
(379956,20481268)
(380377,20560355)
(383218,20935756)
(383681,21012549)
(389480,21104567)
(390269,21222866)
(390327,21226624)
(463469,22017654)
(463697,22073460)
(464170,22182924)
(465548,22374124)
(465848,22443072)
(466216,22480311)
(466591,22546905)
(466604,22547605)
(469471,22710315)
(470075,22793538)
(471391,23061338)
(476307,23545771)
(476739,23583332)
(485094,24153031)
(488067,24387926)
(491582,24865148)
(492565,25029423)
(493119,25117734)
(493620,25337028)
(494680,25359604)
(494688,25360754)
(495490,25500797)
(496576,25613016)
(497275,25740911)
(517553,26910780)
(517870,27045987)
(520227,27278064)
(520755,27398938)
(520767,27400424)
(534117,27628518)
(534337,27652288)
(535477,27835441)
(535498,27838773)
(535947,27944366)
(540761,28071244)
(541866,28239606)
(542428,28292622)
(542885,28348161)
(543443,28390370)
(576134,28978143)
(576872,29307330)
(577678,29427401)
(579840,29660752)
(580318,29754727)
(581171,29956890)
(581340,29984212)
(581376,29997754)
(581756,30044522)
(584349,30187641)
(585197,30315859)
(585640,30377767)
(618107,31248313)
(618636,31349630)
(622068,31971661)
(622284,32025327)
(622604,32059634)
(623226,32202056)
(624898,32417905)
(626084,32733772)
(627412,32913173)
(628548,33060070)
(629099,33179169)
(630061,33330852)
(633381,33742707)
(633646,33762023)
(633833,33768123)
(633853,33768990)
(634732,33873038)
(635598,33935693)
(635783,33982424)
(637000,34136918)
(637323,34163194)
(637703,34240404)
(639055,34557802)
(639782,34609072)
(640121,34651181)
(643957,35002377)
(644040,35014482)
(644355,35062843)
(644483,35090291)
(648261,35211710)
(664112,36413509)
(664341,36473210)
(672614,37074002)
(672692,37092377)
(673697,37583376)
(674115,37704679)
(674684,37784309)
(674759,37807606)
(677810,37880239)
(680357,38066679)
(682209,38275897)
(682493,38360756)
(683172,38433329)
(685340,38632019)
(688063,38909904)
(689224,39089445)
(690362,39188323)
(690501,39197076)
(692864,39299014)
(693068,39353101)
(693787,39546612)
(695015,39621341)
(696349,39905956)
(698357,40091132)
(702181,41050043)
(702341,41107610)
(703889,41203412)
(705767,41355602)
(708632,41536103)
(708637,41536220)
(709430,41856029)
(712607,42393830)
(721682,42851927)
(725284,42965299)
(726469,43264019)
(726591,43284963)
(727055,43323493)
(727160,43334027)
(731892,43422016)
(733973,43946322)
(734580,44080338)
(734654,44106771)
(736126,44470876)
(736332,44537528)
(739746,44774073)
(740160,44811287)
(742659,45233514)
(742770,45336854)
(743772,45543216)
(762268,46159007)
(762440,46206217)
(763491,46338306)
(763506,46341625)
(764868,46490721)
(768238,46602324)
(768296,46612174)
(768688,46703294)
(769856,46961026)
(798748,47482945)
(799396,47800310)
(799929,47909903)
(801366,47994134)
(802298,48133527)
(802862,48256794)
(802973,48348900)
(806140,48950350)
(806158,48951171)
(806780,49053198)
(806837,49059080)
(807481,49145242)
(808301,49209800)
(809730,49354612)
(810133,49502520)
(810982,49660797)
(811295,49733701)
(812173,49857675)
(813672,50005322)
(815677,50227988)
(822461,51174397)
(824169,51602847)
(824770,51717649)
(824957,51734606)
(827099,51841808)
(828011,51955293)
(828030,51963102)
(829623,52187516)
(831947,52797678)
(832410,52887820)
(833142,53153330)
(834871,53176570)
(835746,53298177)
(835942,53360217)
(836402,53590967)
(836661,53687851)
(836695,53710017)
(836938,53754207)
(837043,53778325)
(837513,53893757)
(851622,54429518)
(851923,54500865)
(852259,54664018)
(853156,54823586)
(853947,55038228)
(854222,55095567)
(855315,55223370)
(855411,55240441)
(855442,55243074)
(855587,55249501)
(855902,55380332)
(863268,55658964)
(864485,55762886)
(865272,55882400)
(865915,56016520)
(866302,56157843)
(866647,56293596)
(866982,56326322)
(868066,56534172)
(869011,56780508)
(869766,56872605)
(870023,56937192)
(872495,57198341)
(873247,57427345)
(880336,57887511)
(882890,58286235)
(883483,58330213)
(884599,58456149)
(888814,59044915)
(889050,59096875)
(889214,59154488)
(891126,59377391)
(891139,59379221)
(891631,59506566)
(892283,59600340)
(892911,59745091)
(893007,59782456)
(893637,59916112)
(894750,60148512)
(895285,60254877)
(895647,60394486)
(895891,60505526)
(896324,60595450)
(896391,60707708)
(896806,60832860)
(898036,61006689)
(901791,61264033)
(902113,61344864)
(902816,61465350)
(903343,61592025)
(903382,61592416)
(903503,61633989)
(903655,61646800)
(908271,62227961)
(908529,62306850)
(909131,62342906)
(909411,62425136)
(909448,62437700)
(910626,62569010)
(910965,62669515)
(916431,63297909)
(916824,63325320)
(924233,63927098)
(924688,64067912)
(926601,64265349)
(945555,65510240)
(945602,65516075)
(949566,65921660)
(951274,66140876)
(951829,66258483)
(951989,66282775)
(958215,66957209)
(960377,67314370)
(963653,67894025)
(963882,68020754)
(963890,68025026)
(964733,68148051)
(964875,68253422)
(985433,68770901)
(986621,68837849)
(986944,68945206)
(1005703,70133545)
(1005734,70141877)
(1006552,70255032)
(1007137,70394116)
(1016086,71139852)
(1016480,71313903)
(1016723,71394681)
(1019521,71694704)
(1019847,71774363)
(1020269,71809568)
(1020312,71817058)
(1032200,72740325)
(1032430,72810326)
(1032683,72870034)
(1033733,73109364)
(1034047,73284588)
(1035000,73465322)
(1035774,73686512)
(1036813,73785695)
(1036904,73843957)
(1037242,73916836)
(1037494,73975182)
(1038278,74166027)
(1038350,74199412)
(1039304,74515253)
(1039344,74543887)
(1042803,74769087)
(1042890,74815274)
(1043586,74997789)
(1044001,75117055)
(1044852,75264661)
(1046322,75423717)
(1046880,75487820)
(1047096,75601645)
(1047219,75623739)
(1063492,76903013)
(1063518,76915050)
(1067297,77047293)
(1068173,77200841)
(1068455,77226482)
(1069673,77365955)
(1070359,77573569)
(1072976,77804833)
(1073005,77809590)
(1073266,77859043)
(1074134,77961108)
(1074878,78100335)
(1075576,78221828)
(1075892,78325912)
(1075934,78350382)
(1087717,78461169)
(1087891,78491880)
(1090548,78939059)
(1090663,78959215)
(1093824,79065832)
(1093952,79211073)
(1108642,80465642)
(1109134,80601183)
(1109670,80708669)
(1110094,80772294)
(1110155,80795248)
(1113717,81201956)
(1117311,81592268)
(1117384,81597637)
(1117576,81676013)
(1118249,81830975)
(1121311,82260314)
(1122427,82479590)
(1122440,82481968)
(1123020,82628131)
(1123352,82775972)
(1123629,82880876)
(1125300,83473491)
(1127581,83655894)
(1131169,84759264)
(1131660,84881623)
(1132487,85082139)
(1132697,85156656)
(1135672,85746905)
(1136137,85874772)
(1150566,87061438)
(1150840,87113742)
(1151200,87266553)
(1151309,87269771)
(1151878,87438205)
(1151978,87522093)
(1152781,87615459)
(1153317,87716643)
(1153362,87729933)
(1154972,88171634)
(1155231,88238311)
(1156330,88371814)
(1157637,88498765)
(1157643,88503101)
(1159536,88942520)
(1160218,89082035)
(1160381,89155798)
(1160426,89167353)
(1162892,89724484)
(1163413,89795408)
(1163428,89796743)
(1165611,89902852)
(1165830,89988990)
(1165904,90018898)
(1165921,90019400)
(1167645,90560801)
(1172587,90927669)
(1175214,91394077)
(1177009,91688264)
(1184057,92341339)
(1184090,92347935)
(1184132,92366926)
(1185196,92509853)
(1185465,92570197)
(1185999,92751026)
(1186095,92833661)
(1186454,92888709)
(1187271,93166062)
(1187839,93250628)
(1188412,93415958)
(1188843,93548189)
(1190768,94055103)
(1192454,94281350)
(1195123,94772374)
(1195608,94865008)
(1195657,94912763)
(1196074,95069221)
(1196937,95230643)
(1197259,95314971)
(1197386,95406717)
(1198048,95483564)
(1201775,95717383)
(1202245,95880310)
(1227675,97186201)
(1228024,97367762)
(1229338,97626489)
(1235027,98335049)
(1236426,98810375)
(1238460,99037267)
(1238775,99139886)
(1244298,99767016)
(1245053,99967798)
(1245164,100018036)
(1245302,100080838)
(1245859,100123000)
(1246042,100178312)
(1246448,100316944)
(1246960,100387400)
(1249319,100565964)
(1250203,100779700)
(1250539,100854615)
(1251092,101019940)
(1251713,101161334)
(1266305,102327921)
(1267128,102460078)
(1267204,102489231)
(1267753,102585195)
(1268359,102678701)
(1268945,102779076)
(1268996,102848703)
(1269029,102854076)
(1269671,103074413)
(1269711,103088809)
(1270740,103121947)
(1273668,103697841)
(1274409,103813931)
(1274651,103900426)
(1275231,104000355)
(1275734,104167624)
(1291896,105405407)
(1292155,105529572)
(1292790,105605375)
(1293131,105714814)
(1293290,105819297)
(1293780,105980796)
(1295966,106752442)
(1297823,106915051)
(1323826,107807406)
(1323933,107965100)
(1324014,107973076)
(1338022,108829319)
(1340062,108936315)
(1340343,109065337)
(1342112,109405224)
(1342245,109442623)
(1342402,109540436)
(1342609,109623929)
(1344946,110511554)
(1346960,110640485)
(1347213,110769600)
(1355340,110959029)
(1360478,111654190)
(1360760,111916664)
(1360816,111921646)
(1361174,111998513)
(1361429,112070623)
(1362504,112295412)
(1362811,112392573)
(1363016,112504374)
(1363290,112563975)
(1363902,112655587)
(1364863,112736987)
(1364984,112846484)
(1367964,112967037)
(1368118,113055835)
(1368853,113064388)
(1369131,113150097)
(1369929,113543409)
(1370373,113681551)
(1370507,113795675)
(1370801,113906741)
(1371925,114060376)
(1372088,114126570)
(1372364,114167560)
(1372629,114176782)
(1377689,114738707)
(1378007,114842558)
(1378081,114897748)
(1380131,115207756)
(1381877,115405986)
(1381983,115414303)
(1382353,115503900)
(1383171,115664690)
(1383763,115796607)
(1383785,115797677)
(1384039,115915263)
(1384396,116020420)
(1384841,116111833)
(1385379,116268367)
(1385535,116307451)
(1385615,116314117)
(1386882,116510904)
(1387599,116781452)
(1387628,116784376)
(1388180,116953219)
(1388944,117394380)
(1389228,117499323)
(1389711,117563210)
(1390505,117683224)
(1390870,117729100)
(1391303,117829646)
(1391322,117833857)
(1393582,118000534)
(1393974,118148808)
(1394076,118153505)
(1395616,118394535)
(1396129,118428213)
(1396193,118447871)
(1396228,118449355)
(1396313,118494819)
(1396999,118657580)
(1397094,118698778)
(1397119,118706594)
(1397798,118841382)
(1398004,118920484)
(1400726,119319888)
(1404339,119788585)
(1415057,120832744)
(1415367,120881656)
(1419521,121286705)
(1426113,121373001)
(1426156,121375902)
(1426265,121396003)
(1427192,121441084)
(1427549,121618212)
(1430893,121736150)
(1431471,121934311)
(1436488,122395265)
(1436623,122437199)
(1437181,122559814)
(1437441,122613733)
(1437685,122659028)
(1437950,122777789)
(1440183,122963458)
(1440416,123064442)
(1441023,123302576)
(1441122,123306910)
(1441177,123318552)
(1441748,123478246)
(1442471,123633451)
(1442642,123708738)
(1443068,123899674)
(1444696,124126399)
(1444900,124158331)
(1446110,124387850)
(1446289,124440542)
(1446725,124565365)
(1447032,124710713)
(1447807,124808295)
(1448053,124832599)
(1448898,124930116)
(1451798,125231435)
(1452025,125276075)
(1452624,125386808)
(1453095,125565924)
(1453724,125681727)
(1454297,125970333)
(1455055,126093101)
(1457305,126486384)
(1457789,126625302)
(1459599,126779497)
(1460014,127027902)
(1460120,127037106)
(1461346,127345088)
(1463379,127598717)
(1465671,127928401)
(1465784,127978059)
(1466590,128001457)
(1473825,128645905)
(1474159,128750367)
(1474232,128787616)
(1474630,128935566)
(1475831,129220743)
(1479000,129373641)
(1479858,129583422)
(1480319,129669686)
(1480393,129680485)
(1481104,129833277)
(1482483,129985505)
(1483123,130079650)
(1485497,130180810)
(1485666,130221505)
(1486100,130330181)
(1487257,130383767)
(1487868,130582181)
(1488360,130779176)
(1489376,130892371)
(1491607,130939314)
(1491877,131150329)
(1492822,131373598)
(1497015,131491503)
(1497095,131521738)
(1497597,131636041)
(1499471,131898489)
(1499685,132031697)
(1499709,132036473)
(1500083,132126505)
(1500342,132259239)
(1500699,132372767)
(1500802,132378549)
(1500895,132389145)
(1501545,132561150)
(1503684,132850630)
(1503805,132996251)
(1503971,133100614)
(1505396,133355269)
(1505885,133540173)
(1505961,133557075)
(1506501,133726786)
(1506556,133745762)
(1507025,133891152)
(1511853,134369981)
(1513171,134686318)
(1513997,134834462)
(1514006,134838189)
(1514665,134981537)
(1514926,135240314)
(1515125,135283167)
(1515751,135526375)
(1515900,135562362)
(1516162,135690190)
(1516304,135741844)
(1516692,135835506)
(1516784,135877084)
(1516965,135897085)
(1516999,135946575)
(1517072,135980338)
(1517318,136029503)
(1517377,136042631)
(1517698,136120293)
(1518614,136179226)
(1518675,136225291)
(1518773,136353846)
(1520037,136913457)
(1521057,136981780)
(1521332,137087367)
(1530288,137773646)
(1530957,137969117)
(1530999,137978539)
(1531006,137979405)
(1531214,138014783)
(1531342,138055487)
(1531358,138056681)
(1544508,139258818)
(1544911,139364575)
(1545206,139516101)
(1545798,139751693)
(1546214,139859211)
(1546492,139885781)
(1547128,140051945)
(1561213,141169163)
(1561669,141377170)
(1563013,142460028)
(1579506,142624048)
(1579678,142689107)
(1579755,142747069)
(1580209,142836810)
(1580593,142947995)
(1581124,143085717)
(1581381,143195299)
(1581486,143225532)
(1590078,143861120)
(1592664,144407800)
(1593429,144610225)
(1593478,144625078)
(1593917,144897639)
(1594236,144943534)
(1594521,145051996)
(1594861,145341411)
(1595370,145538682)
(1595528,145637321)
(1595898,145693686)
(1596075,145742084)
(1596225,145750125)
(1596354,145805840)
(1596381,145806101)
(1598988,146309122)
(1600313,146479733)
(1600705,146708237)
(1600873,146812583)
(1603493,147149387)
(1603827,147261639)
(1603999,147327255)
(1604485,147629875)
(1605027,147721468)
(1605280,147759489)
(1605469,147828260)
(1606741,147970111)
(1607600,148245668)
(1610236,148569509)
(1610311,148597333)
(1611012,148687105)
(1613243,148881182)
(1613530,148958623)
(1613618,148963511)
(1613897,149018368)
(1619181,149645832)
(1619473,149779275)
(1621527,150449757)
(1622806,150655550)
(1622838,150695097)
(1622983,150770708)
(1639128,150943427)
(1639196,150964514)
(1639930,151310885)
(1640136,151385110)
(1640288,151506053)
(1644090,151561744)
(1645669,152198246)
(1645836,152203199)
(1646935,152315062)
(1647746,152590684)
(1648520,152637355)
(1649158,152784218)
(1649643,152969004)
(1657854,153503890)
(1658044,153572125)
(1658123,153610068)
(1658143,153617655)
(1660327,154097571)
(1660453,154171449)
(1663763,154751070)
(1665383,154876632)
(1669818,155171287)
(1671329,155434340)
(1672905,156016144)
(1674450,156146255)
(1675138,156348289)
(1676246,156787195)
(1681534,157181610)
(1682258,157348942)
(1682489,157493702)
(1682668,157528482)
(1682877,157589571)
(1682998,157653652)
(1683145,157706948)
(1686060,158511948)
(1686201,158570315)
(1689121,158733887)
(1693012,159657287)
(1696494,160084486)
(1696585,160087188)
(1696946,160173944)
(1698052,160310498)
(1698087,160316977)
(1698331,160421260)
(1699099,160599430)
(1700005,160789761)
(1700951,160934510)
(1701767,161152303)
(1702646,161325081)
(1704335,161476711)
(1705068,161629952)
(1705344,161643387)
(1705508,161696751)
(1706717,161819603)
(1706805,161902606)
(1706813,161905075)
(1707407,162065103)
(1707553,162107649)
(1707625,162151762)
(1707653,162168078)
(1708573,162355839)
(1708779,162526079)
(1708905,162561144)
(1709334,162651701)
(1710199,162905338)
(1711601,163394110)
(1711766,163462539)
(1711847,163468073)
(1714591,163846017)
(1714872,163954170)
(1722333,164176123)
(1724634,164219576)
(1724875,164269819)
(1725580,164713669)
(1725752,164812863)
(1726989,165029965)
(1727688,165266799)
(1728070,165334759)
(1728580,165451853)
(1728841,165506549)
(1731116,165954561)
(1731509,165973265)
(1731596,166061649)
(1731654,166155135)
(1732046,166231188)
(1732153,166355370)
(1732219,166359615)
(1734926,167015632)
(1735116,167077449)
(1735383,167232679)
(1735821,167471361)
(1752212,168793922)
(1752557,168954680)
(1768326,170140830)
(1768357,170144777)
(1769029,170236412)
(1769096,170276240)
(1769714,170473144)
(1774603,170731160)
(1774677,170801135)
(1777142,171202425)
(1779566,171356877)
(1779904,171496712)
(1780253,171581642)
(1781799,171822729)
(1781916,171871868)
(1783647,172113899)
(1783835,172256166)
(1786995,172620679)
(1788290,173084160)
(1788610,173124896)
(1788667,173143483)
(1789936,173296997)
(1791523,173754886)
(1791546,173766709)
(1792213,173936807)
(1793881,174500897)
(1794435,174630925)
(1794967,174937363)
(1795106,175000933)
(1795170,175063424)
(1795497,175184028)
(1796112,175635422)
(1796441,175737816)
(1796790,175788681)
(1799916,176233385)
(1800101,176319716)
(1800242,176486430)
(1801324,176691305)
(1802395,176994979)
(1804137,177273808)
(1804162,177275991)
(1804305,177349424)
(1804330,177350737)
(1804460,177531510)
(1804901,177665144)
(1804923,177670479)
(1805557,177755281)
(1805655,177904406)
(1805678,177910940)
(1806239,178000670)
(1808849,178261111)
(1809043,178275586)
(1809085,178313824)
(1809166,178385987)
(1809999,178659553)
(1810265,178699442)
(1810523,178745486)
(1810623,178821033)
(1810876,178986438)
(1811268,179117005)
(1811451,179276934)
(1811526,179295696)
(1811712,179384562)
(1812066,179564905)
(1812653,179598786)
(1818075,180225293)
(1821306,180790638)
(1821662,180847810)
(1827471,181551494)
(1833607,182088312)
(1833614,182091005)
(1837602,182737783)
(1839543,182871851)
(1859171,184051141)
(1860809,184415539)
(1861033,184584916)
(1863634,184773426)
(1866296,185593564)
(1866571,185831706)
(1867084,186019189)
(1867495,186093853)
(1867803,186199579)
(1869144,186833189)
(1869466,187000764)
(1882116,187435348)
(1882268,187489855)
(1883034,187575149)
(1883202,187610179)
(1883395,187712830)
(1883893,187794233)
(1884557,188251164)
(1884612,188265279)
(1885605,188487566)
(1911435,188869807)
(1911505,188873594)
(1928144,189795501)
(1928326,189865590)
(1936876,190138703)
(1937002,190223188)
(1938072,190628808)
(1938249,190636966)
(1938985,190743362)
(1939658,191117431)
(1957587,192078608)
