(7968,52890)
(11745,112269)
(16905,234500)
(24377,356823)
(29481,496765)
(32784,642006)
(34964,698371)
(40143,774470)
(50393,1053299)
(57007,1182230)
(60623,1390237)
(60965,1397886)
(61208,1410450)
(67357,1754319)
(69122,1845439)
(72439,2103565)
(72683,2108262)
(117554,2628750)
(118954,2731369)
(121615,3032094)
(122619,3103859)
(124215,3204405)
(128449,3386808)
(137396,3906136)
(148211,4513782)
(150683,4816889)
(154345,4894988)
(156523,4967434)
(158010,5060800)
(158404,5160527)
(162787,5272132)
(166368,5690619)
(168399,5896981)
(169527,5983143)
(172052,6162684)
(174510,6376420)
(176201,6538528)
(177474,6552018)
(178739,6694465)
(179842,6805650)
(181241,6888536)
(181940,6965329)
(183138,7054346)
(185497,7162555)
(186640,7211562)
(187445,7310545)
(188995,7399146)
(189206,7405812)
(189285,7412291)
(190105,7477907)
(190979,7530211)
(192969,7591755)
(193592,7670842)
(193717,7679827)
(197446,7906719)
(198554,7998132)
(198948,8059562)
(199091,8081801)
(199799,8251178)
(201160,8366809)
(210097,8757121)
(210743,8859772)
(211585,8939627)
(211621,8940962)
(212058,8976319)
(212294,9005181)
(213047,9110181)
(213231,9134299)
(214660,9280371)
(215760,9491386)
(216512,9572217)
(218531,9720361)
(223177,9874813)
(226339,10087118)
(227002,10220326)
(229214,10332189)
(229434,10356089)
(229751,10389457)
(230091,10478435)
(230552,10560980)
(233437,10724089)
(235147,10846857)
(236665,10965071)
(238053,11063949)
(238607,11190438)
(238939,11198596)
(247399,11791724)
(247686,11870896)
(252843,12107441)
(253440,12216905)
(254228,12333032)
(254534,12386486)
(258563,12520554)
(259721,12555161)
(260817,12683716)
(261890,12883460)
(264450,13197565)
(264822,13274019)
(265577,13331829)
(265597,13336753)
(266081,13396354)
(271080,13976009)
(271587,14037137)
(272170,14065806)
(272398,14085494)
(272955,14172065)
(274029,14311289)
(274863,14390919)
(275384,14536110)
(277675,14692100)
(277823,14701544)
(278775,14772483)
(288336,14852787)
(308138,15776054)
(308541,15802330)
(309573,15985342)
(309840,16041031)
(311454,16215981)
(312010,16267781)
(313113,16514208)
(322493,16975162)
(323023,17037070)
(327807,17430353)
(330885,17648048)
(332325,17746895)
(332830,17827068)
(336946,17996639)
(337152,18024463)
(344097,19106097)
(344400,19212420)
(345025,19249495)
(345192,19305480)
(345267,19309460)
(345965,19449295)
(346213,19505942)
(349085,19953121)
(349770,20083633)
(349833,20105746)
(350338,20248013)
(355595,20874638)
(359080,21204322)
(359121,21212654)
(366737,21808213)
(366981,21946146)
(368761,22035460)
(368781,22036133)
(369072,22057837)
(369842,22191853)
(370243,22245593)
(370620,22372461)
(370794,22387314)
(373350,22557925)
(373859,22707416)
(375519,22865084)
(376816,23140407)
(377295,23286107)
(378047,23396307)
(378966,23473177)
(379205,23522358)
(379301,23526844)
(383495,23663148)
(391777,23914593)
(391833,23917990)
(395699,24112067)
(395735,24117255)
(395847,24134240)
(397604,24373047)
(398401,24429377)
(408804,25375786)
(409649,25530158)
(413956,25755358)
(414751,25885925)
(415258,26037451)
(416221,26104727)
(417561,26153749)
(417964,26191884)
(418024,26231431)
(418544,26277326)
(418569,26278396)
(419169,26376126)
(419627,26502163)
(421352,26709142)
(422387,26725442)
(434119,26966427)
(434371,27009799)
(436043,27067576)
(440892,27156241)
(441101,27228404)
(442998,27353504)
(444308,27472415)
(445077,27628682)
(445844,27691895)
(447374,27825398)
(447855,27928424)
(448062,27992232)
(453222,28077116)
(454049,28243029)
(454303,28316792)
(455443,28718006)
(455794,28829644)
(457399,28963494)
(458487,29123393)
(459088,29269269)
(459718,29330535)
(460233,29549829)
(461049,29667034)
(462830,29745750)
(462905,29753950)
(473356,30411415)
(473666,30467692)
(476636,30571810)
(478235,30656041)
(478950,30791726)
(479147,30827804)
(479327,30857476)
(480097,31022801)
(480211,31072291)
(484415,31618971)
(484679,31672637)
(488772,31825567)
(488874,31861545)
(489409,32026950)
(490851,32220467)
(492920,32396089)
(492958,32402634)
(493374,32424785)
(493486,32470972)
(493797,32561827)
(493875,32568801)
(494062,32636265)
(494361,32683392)
(495254,32743193)
(507123,33433264)
(513026,33494065)
(513297,33594569)
(513505,33619007)
(514336,33703573)
(545317,33850641)
(546116,33975975)
(546219,33984717)
(547263,34255265)
(549730,34755420)
(553553,35095307)
(553982,35245977)
(554629,35348371)
(554689,35361661)
(555053,35459818)
(555566,35513737)
(555728,35515588)
(555751,35519165)
(556804,35638679)
(559808,35855781)
(560785,36092615)
(560899,36116598)
(561091,36122698)
(561839,36226616)
(562317,36284592)
(562565,36315546)
(562909,36382140)
(562989,36389358)
(565164,36632541)
(565794,36690220)
(569143,36768763)
(569402,36806614)
(570641,36853465)
(588046,37035506)
(605647,38237305)
(607058,38476169)
(607157,38513696)
(609913,39033461)
(612767,39341506)
(617136,39564635)
(619406,39764260)
(620147,39888809)
(620378,39909176)
(621640,40134425)
(628138,40640615)
(628474,40655090)
(630079,41096269)
(630357,41130982)
(630810,41219293)
(631690,41310737)
(633307,41716357)
(636098,41955637)
(636981,42049782)
(637028,42053540)
(637316,42097730)
(658030,43335513)
(661674,43525891)
(662014,43635790)
(678131,43860605)
(678332,43902539)
(683745,44132748)
(684602,44277150)
(686566,44473098)
(688215,44688947)
(688451,44786760)
(688983,44927574)
(709170,46250135)
(709666,46327002)
(709848,46349002)
(710432,46398192)
(710882,46475854)
(711181,46568771)
(711395,46621682)
(711835,46640059)
(712913,46842093)
(714963,47136280)
(715743,47261849)
(716054,47297941)
(723568,48242244)
(724007,48329076)
(724141,48353868)
(735692,48590793)
(736021,48712096)
(736281,48754642)
(744326,48926613)
(748356,49028167)
(748735,49137749)
(749320,49283872)
(749382,49311951)
(749501,49356064)
(750137,49449838)
(753490,50394240)
(754649,50528133)
(755369,50641454)
(758377,50691430)
(758413,50700138)
(761875,50827363)
(761885,50829832)
(762987,50931897)
(764522,51024549)
(764837,51157114)
(767211,51300233)
(767402,51425775)
(767856,51479439)
(767947,51485224)
(768291,51600646)
(768524,51725051)
(768556,51728470)
(770891,52509865)
(771221,52612537)
(772039,52760296)
(773415,52922582)
(773500,52951067)
(773769,52982999)
(778263,53562620)
(779631,53707432)
(779943,53776854)
(780861,53916247)
(781151,54060301)
(788170,54413125)
(788342,54516318)
(788721,54562241)
(789358,54682507)
(789409,54689289)
(789998,54798786)
(790133,54883632)
(790883,55006247)
(791028,55020999)
(791619,55144266)
(792407,55249122)
(793611,55323851)
(794192,55486778)
(794565,55564097)
(795694,55841450)
(799336,56093282)
(799839,56215776)
(800741,56359124)
(803404,56407651)
(805024,56726865)
(805405,56838223)
(805839,56918920)
(806894,57165256)
(807083,57185257)
(807943,57218930)
(808392,57394228)
(808763,57469735)
(810439,57798922)
(810536,57836287)
(815470,57954192)
(816259,58100837)
(816357,58137358)
(816643,58169799)
(818286,58426741)
(822317,58649181)
(822710,58671134)
(823017,58720587)
(824123,59019090)
(824320,59046361)
(839334,60134905)
(841347,60623677)
(841664,60754800)
(842401,60886717)
(842527,60931983)
(848231,61356846)
(848387,61452917)
(848403,61454926)
(848743,61519296)
(851242,62155798)
(851460,62197956)
(852601,62312558)
(853005,62393752)
(856279,62728990)
(856653,62782746)
(857160,62930302)
(857324,62994769)
(858746,63253496)
(859293,63328566)
(859628,63509339)
(859742,63511735)
(860022,63571663)
(860130,63577445)
(860161,63578758)
(860578,63713844)
(860906,63764440)
(861217,63777274)
(863516,64391163)
(863797,64525210)
(863996,64583577)
(864070,64625510)
(866218,64666386)
(866246,64678209)
(866719,64793070)
(866869,64846538)
(867029,64922644)
(868044,65077138)
(868298,65287612)
(868950,65614110)
(868995,65630757)
(869430,65826921)
(874841,66749157)
(875470,66934367)
(875509,66941456)
(875521,66943286)
(876109,67011246)
(880156,67409632)
(880702,67548469)
(880902,67580662)
(881309,67761124)
(881341,67770893)
(882158,67934686)
(883903,68004940)
(884459,68100383)
(884785,68150626)
(886912,68392657)
(907580,69578807)
(907770,69691065)
(908957,69761231)
(909038,69780889)
(909121,69819003)
(910513,69877607)
(910564,69901581)
(912519,70124247)
(913078,70147806)
(913295,70182898)
(913350,70193323)
(913511,70255363)
(913957,70325471)
(914817,70515454)
(916306,70536463)
(916761,70600088)
(916818,70624385)
(917474,70791850)
(918581,71129473)
(919438,71263752)
(919731,71282028)
(920035,71287175)
(920290,71414196)
(920366,71474898)
(920620,71483024)
(922220,71721036)
(932105,72356624)
(932765,72430422)
(932787,72445833)
(933335,72591861)
(933848,72670385)
(934018,72679525)
(934172,72705378)
(936426,73061685)
(937549,73234463)
(938618,73508029)
(939782,73579297)
(942493,73680457)
(942691,73718018)
(944270,73870246)
(944400,73905370)
(945069,74207990)
(945288,74212943)
(945919,74283867)
(946208,74355977)
(946453,74420783)
(948623,74683231)
(949067,74783699)
(949240,74821659)
(950808,74968048)
(952839,75379158)
(954682,75458495)
(955153,75580208)
(955474,75686957)
(957842,75948106)
(958292,76026810)
(962031,76985721)
(962055,76992024)
(966409,77042628)
(966537,77084571)
(967072,77274457)
(967222,77311641)
(967967,77355050)
(968617,77487835)
(969165,77631358)
(969803,77745661)
(970947,77843178)
(971357,77967456)
(971429,77986043)
(972208,78080013)
(974228,78337687)
(974550,78475141)
(974715,78542997)
(974742,78575367)
(975264,78713509)
(975546,78762063)
(975651,78825730)
(975831,78868557)
(975853,78877702)
(976027,78982185)
(976087,78992985)
(976435,79098572)
(976530,79160727)
(977396,79286779)
(977796,79373535)
(978002,79442777)
(1030670,80233915)
(1031098,80323512)
(1031161,80336959)
(1031475,80416520)
(1031753,80500013)
(1031875,80503231)
(1032001,80546244)
(1032814,80743005)
(1039951,81554710)
(1040039,81612672)
(1040488,81741563)
(1041460,81861577)
(1041677,81899256)
(1042512,81933800)
(1042914,82009628)
(1043849,82128800)
(1046135,82268449)
(1046278,82311090)
(1048109,82543167)
(1048189,82567745)
(1051846,82729739)
(1051978,82781263)
(1052041,82809719)
(1054027,83145123)
(1054090,83168077)
(1066051,83400038)
(1066809,83428629)
(1069517,83609130)
(1070415,83756736)
(1070773,83778985)
(1073808,83896923)
(1076128,84061201)
(1076780,84208064)
(1078884,84385123)
(1078948,84419846)
(1080078,84452984)
(1080399,84571467)
(1092026,85320631)
(1092090,85354256)
(1092383,85380449)
(1092804,85536907)
(1098330,85660024)
(1099022,85754853)
(1099201,85913437)
(1100400,86004514)
(1119908,87249405)
(1120099,87417530)
(1120218,87425847)
(1123796,88230847)
(1123875,88266365)
(1124084,88320838)
(1124426,88406764)
(1125986,88870245)
(1134910,89034110)
(1135326,89241570)
(1135791,89412023)
(1136317,89562745)
(1136457,89603449)
(1151258,90013625)
(1151540,90231936)
(1152521,90625248)
(1152616,90675946)
(1152884,90761187)
(1153101,90782102)
(1153122,90789845)
(1160043,91411578)
(1161238,91455597)
(1161570,91573659)
(1161806,91636286)
(1162924,91855562)
(1164251,92140739)
(1164349,92182312)
(1165382,92386135)
(1165409,92386396)
(1169144,92442087)
(1171205,92853942)
(1182891,93397446)
(1183080,93451976)
(1183354,93622216)
(1183952,93721653)
(1184152,93775017)
(1184187,93791333)
(1184427,93895679)
(1185048,93904232)
(1186465,94212214)
(1186487,94218302)
(1186812,94363062)
(1187351,94555070)
(1188221,94707862)
(1189779,94926423)
(1189893,94981612)
(1190198,95012826)
(1190333,95125262)
(1191352,95145772)
(1191436,95158785)
(1191826,95369093)
(1192324,95551929)
(1192856,95731045)
(1193001,95864382)
(1193729,96355381)
(1194427,96521403)
(1194617,96544032)
(1207822,97079793)
(1208871,97269767)
(1209013,97274655)
(1209183,97327530)
(1210301,97505244)
(1210637,97548274)
(1214710,97675152)
(1214851,97770967)
(1215004,97811752)
(1216909,97913690)
(1218147,98050126)
(1219734,98727253)
(1228115,99432363)
(1228161,99444333)
(1228813,99650969)
(1228861,99662608)
(1229563,99733951)
(1229947,99837802)
(1231024,100017203)
(1231403,100126241)
(1231959,100168403)
(1232168,100185580)
(1232218,100197685)
(1232225,100198153)
(1232869,100464491)
(1233153,100525511)
(1239565,100804143)
(1240390,100936300)
(1240669,100991768)
(1242298,101133243)
(1242476,101177114)
(1250996,101615173)
(1251252,101698054)
(1251376,101760856)
(1252183,101916061)
(1254054,102422975)
(1256378,102858553)
(1256543,102912640)
(1257047,103185201)
(1257112,103242501)
(1257646,103442621)
(1257812,103499274)
(1260093,103567610)
(1261007,103702375)
(1261038,103708628)
(1267323,104166725)
(1269543,104444610)
(1284077,105572267)
(1284322,105621432)
(1284430,105719540)
(1285149,105851157)
(1285438,105908758)
(1285671,106066532)
(1285728,106085508)
(1298601,107235574)
(1298960,107354840)
(1300991,107585905)
(1301069,107613256)
(1301940,107820730)
(1302053,107840886)
(1302953,108011646)
(1302971,108029985)
(1303280,108232297)
(1306659,108466116)
(1306955,108542480)
(1306978,108550067)
(1307349,108604298)
(1308018,108842432)
(1308317,108946715)
(1311348,109207156)
(1311688,109257420)
(1312372,109373223)
(1312396,109380839)
(1312600,109415869)
(1312648,109426776)
(1312891,109555891)
(1319816,109950306)
(1320006,109962706)
(1320067,109976821)
(1320171,110006918)
(1321115,110131778)
(1321404,110260335)
(1323086,110466128)
(1323200,110505856)
(1328434,111132986)
(1328737,111240220)
(1329074,111293236)
(1329791,111337214)
(1330001,111406113)
(1330096,111437021)
(1330161,111441266)
(1330974,111517799)
(1331133,111530207)
(1331173,111541416)
(1331541,111610069)
(1331787,111630937)
(1331984,111710919)
(1332225,111797126)
(1332525,111944967)
(1334451,112120178)
(1334493,112130028)
(1334739,112250099)
(1336179,112475133)
(1336892,112559808)
(1337073,112635095)
(1354811,113573628)
(1355240,113688082)
(1355878,113875565)
(1357078,114102238)
(1357318,114126239)
(1358202,114317439)
(1358226,114318979)
(1418809,115110009)
(1419330,115244129)
(1419988,115325289)
(1420038,115333880)
(1420268,115385783)
(1420298,115394842)
(1424649,115695391)
(1426187,115917678)
(1426390,115983867)
(1426507,116062652)
(1428140,116535751)
(1428397,116624873)
(1428599,116656150)
(1431618,117057440)
(1431801,117178383)
(1432466,117292507)
(1433027,117370584)
(1433367,117475046)
(1435955,117941454)
(1436127,118146910)
(1436684,118293361)
(1437696,118546998)
(1437798,118573031)
(1443144,119200495)
(1443240,119220596)
(1443255,119224689)
(1445510,119555881)
(1454301,120180112)
(1454642,120353855)
(1455170,120449711)
(1455194,120456338)
(1457315,120623015)
(1457470,120691963)
(1457701,120700288)
(1458103,120777794)
(1458382,120888860)
(1458660,120943717)
(1461271,121277697)
(1461355,121300922)
(1461858,121377769)
(1462769,121694106)
(1463485,121915538)
(1463567,121926072)
(1464680,122272360)
(1465936,122427617)
(1466280,122644954)
(1466507,122715043)
(1466535,122717226)
(1468549,122879936)
(1468829,122931017)
(1468843,122937385)
(1468877,122951781)
(1469213,123028514)
(1469486,123164267)
(1469906,123323469)
(1470089,123357776)
(1470244,123415727)
(1470631,123569952)
(1470673,123579740)
(1472556,123844703)
(1472648,123873779)
(1472702,123886576)
(1473084,124010524)
(1473781,124079055)
(1474370,124286946)
(1475159,124622439)
(1475699,124887949)
(1475718,124899758)
(1475840,124910052)
(1475883,124958267)
(1497671,125034104)
(1497744,125063257)
(1500521,125492596)
(1501227,125615502)
(1501245,125616004)
(1501620,125706036)
(1501733,125724663)
(1501769,125731177)
(1508420,126267995)
(1510706,126823288)
(1513505,126870231)
(1528818,127040746)
(1531406,127189472)
(1531421,127194454)
(1531452,127203969)
(1532050,127471216)
(1532612,127701942)
(1532963,127798388)
(1533121,127884654)
(1534808,128025265)
(1534859,128048562)
(1536833,128149277)
(1537078,128312932)
(1537109,128313882)
(1537303,128332387)
(1537476,128459116)
(1537634,128529113)
(1551283,129689120)
(1551476,129769898)
(1551607,129803266)
(1551651,129810893)
(1551836,129865400)
(1552312,129966584)
(1558771,130207414)
(1558866,130254624)
(1558944,130288387)
(1562523,130543685)
(1563550,130703614)
(1563771,130782716)
(1563974,130844533)
(1565151,131049738)
(1565343,131095504)
(1565403,131141569)
(1565813,131276052)
(1565824,131286601)
(1566525,131456699)
(1566609,131508798)
(1570097,131521896)
(1572523,132001812)
(1572606,132014604)
(1572696,132056182)
(1572829,132089469)
(1573981,132229283)
(1574634,132499419)
(1574982,132604576)
(1576852,132798384)
(1577112,132944231)
(1577170,132947884)
(1577211,132957306)
(1577535,133105214)
(1592813,134432518)
(1593335,134506384)
(1593839,134602348)
(1593913,134705688)
(1595382,135096304)
(1595536,135177573)
(1596319,135309804)
(1596445,135391707)
(1596528,135453107)
(1596833,135535688)
(1604032,136166280)
(1604226,136293777)
(1604324,136352827)
(1604442,136439665)
(1617749,137609534)
(1619366,137872587)
(1619434,137884541)
(1619444,137887796)
(1619551,137954629)
(1620035,138022576)
(1651326,138723927)
(1651515,138808786)
(1652235,138873344)
(1652280,138884986)
(1656882,139179641)
(1657677,139506906)
(1657845,139563460)
(1658005,139622927)
(1659105,139819123)
(1659205,139832479)
(1659469,139883828)
(1660486,140002513)
(1660541,140065285)
(1661384,140381152)
(1662453,140822313)
(1664149,141432475)
(1665516,142515333)
(1665776,142574260)
(1667317,142996487)
(1669975,143395891)
(1670074,143440149)
(1670229,143609041)
(1670953,143631617)
(1671019,143668638)
(1671031,143671016)
(1671235,143842225)
(1672312,144056139)
(1674131,144420537)
(1674210,144459043)
(1674714,144549476)
(1674809,144552178)
(1675043,144561400)
(1681678,144843768)
(1682299,144904671)
(1682578,144918106)
(1683112,145140757)
(1685973,145518701)
(1686945,145670891)
(1687627,146082657)
(1690045,146705255)
(1690786,146821345)
(1691282,146964832)
(1705013,148131419)
(1705835,148464758)
(1705871,148465149)
(1706696,148653318)
(1707334,148783346)
(1708653,148909096)
(1709225,148998616)
(1709534,149037146)
(1710302,149151359)
(1710742,149219282)
(1711033,149263603)
(1711170,149375404)
(1711357,149475635)
(1711423,149512884)
(1711471,149518729)
(1713330,149895190)
(1745510,150768408)
(1746366,151202949)
(1746440,151259902)
(1746668,151375663)
(1746918,151432130)
(1764153,152354037)
(1764408,152520635)
(1764507,152578202)
(1764535,152616267)
(1766358,153503892)
(1767819,153689068)
(1768091,153699376)
(1768148,153725809)
(1768457,153857700)
(1768628,153927701)
(1769039,154055013)
(1769780,154081489)
(1770421,154323924)
(1770901,154470233)
(1777281,154551074)
(1780008,154912362)
(1784672,155443393)
(1784920,155517994)
(1784973,155536369)
(1785417,155554623)
(1788391,156032906)
(1788840,156107570)
(1789101,156197494)
(1789383,156240255)
(1789701,156356865)
(1790515,156456872)
(1790600,156560794)
(1790694,156644826)
(1791114,156738788)
(1791677,156830885)
(1792668,156858630)
(1792953,157056937)
(1793185,157187768)
(1793211,157190692)
(1800016,157266117)
(1801765,157370399)
(1801875,157413259)
(1802219,157518985)
(1804252,157641683)
(1805445,157695269)
(1805482,157735553)
(1807093,157865664)
(1807739,158071010)
(1813610,158605390)
(1819027,158911424)
(1819740,159094792)
(1819762,159101388)
(1819846,159142453)
(1819936,159201049)
(1821283,159725355)
(1822428,159948258)
(1822656,159956958)
(1822880,160096320)
(1823158,160209222)
(1825333,160391250)
(1825567,160441590)
(1825735,160608304)
(1825789,160720154)
(1826117,160829747)
(1830981,161547200)
(1831246,161633752)
(1831442,161657487)
(1831939,161822817)
(1837430,162467265)
(1838049,162676320)
(1838204,162731953)
(1838502,162828846)
(1838952,162973597)
(1839885,163224737)
(1839924,163294364)
(1840138,163380859)
(1841212,163428415)
(1841545,163547514)
(1842562,163790897)
(1842683,163900186)
(1843075,163995252)
(1843125,164023657)
(1844651,164196472)
(1845285,164306754)
(1845343,164329624)
(1847726,164867425)
(1848096,164973790)
(1848307,165065729)
(1849214,165197039)
(1854696,165355785)
(1855120,165390566)
(1856507,166017073)
(1857052,166241183)
(1857658,166369080)
(1858297,166569862)
(1858461,166576289)
(1858857,166669689)
(1859034,166724519)
(1859085,166742141)
(1859292,166762113)
(1859557,166959108)
(1860056,166992786)
(1860406,167207990)
(1860586,167241796)
(1860639,167312072)
(1860805,167364764)
(1863401,167528336)
(1864651,167963194)
(1868181,168572064)
(1868556,168643328)
(1870394,169182664)
(1870596,169289539)
(1870929,169340390)
(1871453,169433896)
(1871673,169546470)
(1871829,169598237)
(1871844,169605367)
(1876802,170175066)
(1882458,170778038)
(1883249,170894080)
(1883300,170911029)
(1886302,171052036)
(1886462,171141412)
(1899361,172343549)
(1900701,172406251)
(1900803,172465952)
(1902339,172897702)
(1902835,172922090)
(1902977,172961174)
(1903079,173106795)
(1903719,173196567)
(1903973,173260248)
(1904048,173274951)
(1904054,173276408)
(1904475,173470199)
(1905404,173675333)
(1905549,173683374)
(1906687,173870665)
(1907270,173955793)
(1928126,174128512)
(1928757,174291273)
(1928979,174398630)
(1929358,174703899)
(1929475,174789522)
(1929495,174793733)
(1929668,174906725)
(1948049,175867902)
(1948642,175969027)
(1950668,176170509)
(1952900,176446879)
(1953041,176480477)
(1953483,176607217)
(1954061,176762179)
(1954383,176922937)
(1954398,176925229)
(1954803,176947628)
(1954853,176972992)
(1956371,177127568)
(1957593,177556018)
(1957627,177559965)
(1958074,177686921)
(1958405,177915425)
(1958496,178037815)
(1970418,178147860)
(1970566,178241523)
(1970687,178298060)
(1970760,178306036)
(1972829,178540931)
(1973675,178596964)
(1974642,178700886)
(1975214,179008173)
(1975234,179015665)
(1976136,179088823)
(1976211,179107523)
(1976283,179113057)
(1976375,179160244)
(1976978,179358658)
(1977032,179394011)
(1977044,179403259)
(1977243,179492125)
(1977359,179544398)
(1977500,179597694)
(1978512,179666017)
(1978720,179712645)
(1980838,179898314)
(1983549,179912551)
(1983671,180022985)
(1983912,180096037)
(1984305,180223382)
(1984580,180325012)
(1984919,180505355)
(1985069,180574366)
(1985272,180665965)
(1986312,180895484)
(1987030,180992464)
(1987147,181081262)
(1987334,181182246)
(1987847,181648034)
(1988058,181730264)
(1988069,181731846)
(1988299,181775098)
(1988404,181859431)
(1988427,181863196)
(1988637,181923540)
(1989817,182115391)
(1990071,182255000)
(1991491,182506363)
(1992066,182596279)
(1992336,182670150)
(1992464,182754800)
(1992516,182768395)
(1992552,182775235)
(1992661,182873178)
(1992947,183035411)
(1993271,183136713)
(1993560,183312146)
(1993939,183489256)
(1994292,183538454)
(1995993,183730569)
(1997165,183939787)
(1997534,183996959)
(1997753,184089505)
(1998147,184244022)
(1998518,184377656)
(1999173,184529928)
(1999353,184629122)
(1999538,184770688)
(1999913,184876445)
(2001075,184972247)
(2002162,185026542)
(2002214,185066893)
(2003740,185375053)
(2013949,186419212)
(2014190,186457233)
(2014519,186636127)
(2014810,186765036)
(2015461,186910396)
(2015888,186980852)
(2018040,187502729)
(2018736,187628665)
(2019727,187743601)
(2022951,188034511)
(2023023,188051638)
(2023250,188099999)
(2023336,188104333)
(2023429,188109440)
(2024780,188262954)
(2024791,188265900)
(2024824,188281877)
(2027739,189084934)
(2028322,189259313)
(2029075,189406210)
(2029638,189527703)
(2030085,189609225)
(2030188,189649438)
(2030477,189772716)
(2030709,189818011)
(2030770,189981370)
(2030795,190091985)
(2032519,190101771)
(2032593,190194245)
(2033103,190306464)
(2035392,190754476)
(2035665,190803388)
(2035689,190846072)
(2037352,190997702)
(2038500,191194489)
(2038908,191240794)
(2038990,191269431)
(2039138,191333512)
(2039353,191496218)
(2039389,191516846)
(2039698,191552051)
(2041212,192002393)
(2042268,192207268)
(2043028,192358942)
(2043220,192566556)
(2043913,192603682)
(2044056,192663128)
(2045022,192850889)
(2045437,193018158)
(2046506,193301761)
(2046864,193417193)
(2047525,193540218)
(2047926,193630050)
(2053414,193962012)
(2055051,194337413)
(2055415,194459772)
(2055737,194598690)
(2056103,194800853)
(2056173,194872170)
(2056207,194873654)
(2056383,194879457)
(2056548,194920152)
(2058336,195209632)
(2059604,195490181)
(2059839,195544877)
(2059925,195642648)
(2059953,195690403)
(2061997,195855964)
(2062429,196023704)
(2065511,196475141)
(2065516,196478087)
(2065762,196611530)
(2079206,197890804)
(2080567,198029646)
(2083618,198381556)
(2083689,198539250)
(2083712,198544142)
(2083860,198641026)
(2084405,198849961)
(2084717,199017536)
(2088658,199957734)
(2088719,199978821)
(2089322,200063623)
(2089722,200097000)
(2090267,200269005)
(2090474,200300127)
(2090711,200558904)
(2090823,200575861)
(2091071,200680824)
(2092523,200704064)
(2092957,200883137)
(2093123,200913848)
(2093623,201102768)
(2094138,201271130)
(2094850,201438752)
(2095174,201466973)
(2095374,201574777)
(2097935,201772636)
(2097989,201846017)
(2100541,201970345)
(2105187,202678905)
(2106824,202865345)
(2107142,202964807)
(2110376,203391074)
(2110495,203422207)
(2110513,203424840)
(2110527,203438382)
(2110949,203536926)
(2111381,203693460)
(2111422,203731698)
(2111620,203780638)
(2112786,203903490)
(2113522,204105915)
(2114344,204196639)
(2114669,204322950)
(2114881,204355676)
(2115268,204557996)
(2115739,204698039)
(2117389,204822836)
(2117594,204943710)
(2117708,204977784)
(2118189,205192426)
(2118630,205283588)
(2119035,205346243)
(2131500,206202486)
(2131569,206210379)
(2132109,206596365)
(2132143,206602841)
(2132271,206646908)
(2143947,207158425)
(2144721,207575150)
(2144950,207617359)
(2147887,207723976)
(2148019,207746771)
(2152623,208436503)
(2152979,208620783)
(2155851,208754332)
(2156163,208935417)
(2156448,208972631)
(2160564,209545061)
(2160904,209638723)
(2160965,209648015)
(2162271,209717925)
(2162754,209853870)
(2162904,209927303)
(2163564,210226023)
(2163731,210297370)
(2166142,210873264)
(2166151,210877948)
(2166273,210953559)
(2166844,211067066)
(2167022,211088545)
(2167067,211171180)
(2167176,211209005)
(2167401,211216945)
(2167619,211345967)
(2167829,211521191)
(2168165,211660418)
(2171335,211711104)
(2171771,211908375)
(2172427,212365306)
(2172661,212506629)
(2173131,212679071)
(2174594,213022044)
(2179170,213280060)
(2179219,213367395)
(2179269,213400780)
(2179592,213543202)
(2182553,214106794)
(2182879,214396209)
(2183038,214454555)
(2183476,214556897)
(2184172,214597211)
(2184782,214818401)
(2184927,214932173)
(2186227,215105327)
(2189188,215532526)
(2189973,215613926)
(2190322,215738326)
(2190641,215790233)
(2191471,215863803)
(2191973,216040650)
(2192077,216084478)
(2192090,216087797)
(2192583,216135436)
(2193360,216322752)
(2194133,216490039)
(2194217,216510247)
(2194618,216695151)
(2195643,217134057)
(2195853,217239000)
(2196693,217376134)
(2196805,217593050)
(2197529,217742199)
(2198050,217855354)
(2198211,217880995)
(2198786,218076466)
(2198887,218196032)
(2204326,218396789)
(2204595,218403265)
(2204739,218531427)
(2204916,218619811)
(2205085,218726772)
(2205270,218753936)
(2205477,218866080)
(2206146,218948113)
(2206758,219131735)
(2206799,219143876)
(2207215,219250662)
(2207384,219454859)
(2207524,219501106)
(2207956,219594470)
(2208049,219603223)
(2208119,219618513)
(2208637,219806216)
(2210685,219897753)
(2211343,220058543)
(2211526,220101396)
(2214315,220480196)
(2214378,220536002)
(2214390,220537056)
(2214407,220542769)
(2224585,221158560)
(2224881,221279164)
(2225135,221284375)
(2226635,221742264)
(2227172,221776145)
(2227298,221891116)
(2227429,221954686)
(2227603,222140555)
(2227686,222187286)
(2227789,222235839)
(2228200,222745480)
(2228288,222803348)
(2228416,222861157)
(2229242,223030942)
(2236207,223141729)
(2237274,223312886)
(2237331,223340208)
(2237342,223348017)
(2237446,223363175)
(2237946,223407941)
(2238518,223521473)
(2241669,223990170)
(2241810,224019971)
(2242380,224459390)
(2242574,224523984)
(2243435,224706437)
(2245024,224859580)
(2245068,224868830)
(2245174,224905641)
(2245273,224937089)
(2249566,224987917)
(2250059,225197088)
(2250284,225274189)
(2250668,225391796)
(2250742,225427046)
(2251064,225477911)
(2253244,225777934)
(2254803,226037009)
(2270600,227038185)
(2271804,227482035)
(2271831,227494499)
(2272304,227510123)
(2272673,227622528)
(2272782,227648220)
(2276040,227783455)
(2278081,227791534)
(2278089,227792400)
(2278352,227856828)
(2278852,228016522)
(2280077,228276006)
(2280286,228393592)
(2280632,228530211)
(2280927,228570947)
(2281093,228616332)
(2285030,229140374)
(2285521,229295720)
(2288398,229869848)
(2288762,230025611)
(2288973,230155996)
(2291417,230276549)
(2291912,230467394)
(2292566,230676306)
(2292689,230712058)
(2292711,230716815)
(2292928,230770971)
(2294450,230879441)
(2295292,231028032)
(2295930,231166692)
(2296040,231215732)
(2296062,231220508)
(2296090,231242114)
(2296408,231380746)
(2304656,231608840)
(2305118,231690243)
(2308782,232271404)
(2309774,232410877)
(2313215,233017456)
(2320038,233206885)
(2322403,233315106)
(2322644,233405983)
(2322893,233631936)
(2322897,233636272)
(2323142,233838421)
(2323922,234012250)
(2325080,234210940)
(2325229,234272329)
(2325237,234275661)
(2325261,234300010)
(2325722,234468974)
(2326838,234628652)
(2327695,234673733)
(2328186,234839911)
(2328426,234886975)
(2328781,234963028)
(2328933,235091650)
(2329582,235191983)
(2329725,235201970)
(2329900,235250943)
(2330225,235399784)
(2330469,235533078)
(2330691,235554850)
(2331877,235819879)
(2343696,236611999)
(2343704,236614692)
(2344733,236925204)
(2351586,237075527)
(2351851,237094323)
(2351863,237095741)
(2351927,237123189)
(2351945,237126813)
(2352358,237260306)
(2352450,237269510)
(2353086,237501910)
(2353100,237503104)
(2353113,237503971)
(2353506,237611457)
(2359110,237955647)
(2359282,238041298)
(2375680,238563217)
(2377044,238755514)
(2377882,238808973)
(2378681,239010210)
(2380520,239451053)
(2382095,239613662)
(2382706,239689056)
(2383070,239752943)
(2384993,240423425)
(2385050,240498486)
(2385509,240668197)
(2386924,241153346)
(2387100,241188065)
(2387170,241229263)
(2387417,241255833)
(2388005,241424541)
(2388167,241499657)
(2392940,242046487)
(2393316,242100033)
(2393438,242136020)
(2396324,242836273)
(2396774,242956581)
(2397104,243147517)
(2397578,243301531)
(2400302,243647400)
(2400650,243803649)
(2402070,243929838)
(2402110,243980540)
(2402159,244018811)
(2402400,244125526)
(2411704,244394304)
(2412176,244641542)
(2413476,244882572)
(2414692,245113193)
(2415807,245280665)
(2416702,245428312)
(2416784,245508172)
(2417025,245594503)
(2417352,245742777)
(2417838,245868930)
(2418042,245920392)
(2419030,246179947)
(2419205,246288156)
(2420337,246467811)
(2420951,246596169)
(2421695,246853901)
(2424082,247342940)
(2424533,247466438)
(2426198,247573640)
(2426293,247640173)
(2426348,247674966)
(2427090,247987007)
(2427837,248254807)
(2435419,248941086)
(2435938,248992356)
(2436070,249042906)
(2436308,249122050)
(2436503,249197243)
(2438745,249938880)
(2438856,250063062)
(2438977,250113712)
(2439038,250152096)
(2439118,250198501)
(2439184,250215572)
(2442934,250813099)
(2442993,250823898)
(2448776,251476973)
(2448861,251494970)
(2448902,251503944)
(2448963,251514121)
(2456587,252797107)
(2456757,252908147)
(2456993,252979047)
(2457155,253174648)
(2457366,253260357)
(2457405,253266239)
(2458457,253403636)
(2471958,253567656)
(2472959,253768316)
(2473874,253987586)
(2474292,254060159)
(2474541,254115207)
(2474970,254344211)
(2475183,254428539)
(2475280,254441350)
(2475669,254602849)
(2475673,254603999)
(2477026,255185803)
(2477323,255362931)
(2477506,255442590)
(2477678,255546674)
(2478200,255706702)
(2478327,255726018)
(2479517,256267419)
(2479706,256305044)
(2480403,256589659)
(2483785,257513059)
(2489530,257973225)
(2489697,258029834)
(2491433,258283463)
(2491928,258452306)
(2493341,258809467)
(2493556,258884505)
(2495105,259189262)
(2495709,259338488)
(2498509,259927254)
(2499222,260202876)
(2499331,260227168)
(2499476,260306057)
(2499593,260401104)
(2499752,260436880)
(2500471,260564683)
(2500639,260584473)
(2500739,260653318)
(2500960,260673739)
(2500995,260676945)
(2501116,260745922)
(2501219,260810110)
(2501506,260900692)
(2501622,260938091)
(2513472,261372675)
(2513598,261470037)
(2513839,261612167)
(2513846,261616161)
(2514140,261727801)
(2514177,261797305)
(2514464,261914705)
(2517481,262501200)
(2517963,262675857)
(2521544,263080906)
(2521639,263140487)
(2521841,263182956)
(2530510,264236164)
(2530989,264463645)
(2531223,264536124)
(2531313,264641495)
(2531483,264700051)
(2533123,265471697)
(2533410,265591689)
(2536777,266162939)
(2537087,266191524)
(2537261,266292841)
(2537367,266347908)
(2537370,266348025)
(2537437,266368969)
(2538011,266571984)
(2538014,266572578)
(2538284,266733100)
(2538372,266767182)
(2538422,266780310)
(2538550,266869524)
(2538576,266875510)
(2538763,266952720)
(2539134,267056768)
(2539478,267158795)
(2540100,267505166)
(2541503,267864238)
(2542318,268477455)
(2542578,268555329)
(2542729,268605481)
(2543520,268742035)
(2546964,269024426)
(2547559,269102485)
(2547588,269105386)
(2548040,269141442)
(2548504,269233054)
(2548960,269521660)
(2549145,269645825)
(2549243,269734537)
(2550492,270150119)
(2550701,270280979)
(2551724,270756305)
(2551885,270918149)
(2552026,270986578)
(2553332,271212825)
(2563252,272320401)
(2563417,272379933)
(2564416,272634189)
(2565189,272782449)
(2565282,272783828)
(2565487,272821779)
(2565631,272891754)
(2565699,272933440)
(2565937,273018924)
(2566469,273170607)
(2567722,273368044)
(2568302,273568081)
(2568459,273623539)
(2568499,273651819)
(2569174,273828236)
(2569502,273946535)
(2571078,274347383)
(2571653,274482829)
(2571957,274657409)
(2572635,274811499)
(2572705,274903245)
(2572775,274967047)
(2576337,275074050)
(2576425,275149423)
(2576595,275219485)
(2576712,275305623)
(2580333,275672491)
(2580607,275747406)
(2592651,277007340)
(2593137,277130880)
(2594070,277387848)
(2594137,277438546)
(2594480,277577630)
(2596701,278397768)
(2617079,279703659)
(2617571,279745715)
(2619662,279989946)
(2623675,280551104)
(2624736,280912613)
(2626010,281392996)
(2626239,281460079)
(2626424,281526687)
(2627508,281775374)
(2627798,281927673)
(2628136,282018230)
(2628223,282055469)
(2628324,282107123)
(2628504,282203210)
(2628528,282217117)
(2628877,282260860)
(2628956,282273710)
(2629105,282331914)
(2629163,282578339)
(2629450,282703162)
(2629477,282714717)
(2629810,282794153)
(2632179,283897523)
(2632242,283917715)
(2632409,283987892)
(2632790,284102694)
(2635010,284360038)
(2635229,284399927)
(2635402,284470590)
(2636175,284589752)
(2636229,284615679)
(2636356,284734050)
(2636453,284806689)
(2636683,284913369)
(2636976,285113433)
(2637386,285295864)
(2637607,285390095)
(2639797,285578605)
(2643718,286273766)
(2644837,286866381)
(2645099,287012994)
(2645513,287197780)
(2645727,287346972)
(2645836,287362063)
(2646408,287486037)
(2652512,287731797)
(2652821,287859692)
(2655805,288622448)
(2656328,288750666)
(2656962,288941927)
(2657626,289017037)
(2658006,289106778)
(2665818,289379891)
(2665829,289390819)
(2666183,289517494)
(2666187,289518980)
(2666238,289574809)
(2666332,289605042)
(2666399,289655280)
(2666621,289707402)
(2673538,290453138)
(2673904,290612551)
(2674580,290929949)
(2678122,291558343)
(2678593,291773579)
(2679119,291871161)
(2680404,291991826)
(2680719,292117456)
(2681243,292244631)
(2681317,292281426)
(2681380,292334406)
(2681570,292401083)
(2681632,292411360)
(2681811,292598869)
(2682241,292918678)
(2682916,293099363)
(2683486,293190998)
(2683658,293237042)
(2683878,293411093)
(2684189,293519769)
(2684353,293563048)
(2684593,293793798)
(2684598,293801699)
(2685027,293842883)
(2685091,293934989)
(2686291,294161714)
(2686748,294292917)
(2686899,294339685)
(2687434,294640520)
(2687597,294791901)
(2687691,294865779)
(2687972,294986878)
(2688041,295024821)
(2688372,295114353)
(2688614,295377904)
(2688708,295432565)
(2690228,295682547)
(2690446,295722573)
(2695745,296324351)
(2696039,296370227)
(2696766,296446442)
(2697239,296585525)
(2697311,296738190)
(2697610,296780417)
(2697842,296824311)
(2698086,296873387)
(2698190,296931000)
(2698206,296932564)
(2698568,297015938)
(2709815,298202604)
(2712127,298324023)
(2712900,298460064)
(2713245,298476854)
(2713266,298547437)
(2713478,298655590)
(2714167,298970609)
(2714214,298974396)
(2714742,299425790)
(2716254,299532786)
(2716279,299555212)
(2716430,299607172)
(2716551,299677381)
(2716646,299756561)
(2717301,299909802)
(2731173,301168654)
(2731376,301273589)
(2731590,301334256)
(2731613,301342937)
(2733653,301692689)
(2734280,301968246)
(2734423,302094249)
(2735485,302220674)
(2735827,302306938)
(2735834,302310665)
(2735955,302404640)
(2736189,302432051)
(2736317,302479441)
(2736982,302494126)
(2737096,302518860)
(2737537,302619909)
(2737569,302625744)
(2738186,302815129)
(2738335,302862891)
(2738959,303062598)
(2739500,303378439)
(2739538,303385529)
(2739609,303398992)
(2739722,303454967)
(2739823,303482634)
(2739925,303512469)
(2740589,303558747)
(2740724,303672572)
(2741354,303851047)
(2741680,303951929)
(2744558,304417524)
(2746569,304767427)
(2747693,305401037)
(2749551,305881548)
(2749862,305911497)
(2752506,306476372)
(2752830,306658744)
(2752958,306714283)
(2753204,306809954)
(2753576,306900096)
(2753832,307009535)
(2754686,307076483)
(2754796,307182076)
(2757172,307642518)
(2757260,307692176)
(2757391,307792377)
(2757569,307853466)
(2761082,307949041)
(2761219,308004353)
(2761298,308017730)
(2761312,308018551)
(2761467,308075890)
(2763317,308697921)
(2763786,308730890)
(2764059,308844756)
(2764116,308907247)
(2764244,308985623)
(2764330,309013723)
(2764999,309060394)
(2765025,309065417)
(2766420,309464141)
(2777163,309754699)
(2778548,309860808)
(2778809,310002851)
(2779416,310171560)
(2781364,310662584)
(2781602,310776112)
(2782052,310876041)
(2782123,310988078)
(2782284,311028558)
(2788500,311250511)
(2788639,311319089)
(2788664,311324424)
(2789059,311462091)
(2789911,311686880)
(2789934,311694370)
(2789998,311713132)
(2790045,311788338)
(2790175,311848758)
(2790354,311953662)
(2790541,312196956)
(2790548,312204909)
(2790600,312292747)
(2791142,312427535)
(2791430,312704924)
(2791922,312866015)
(2792066,313000494)
(2794486,313301813)
(2794867,313373302)
(2795390,313573818)
(2797082,313716725)
(2797787,313859652)
(2799491,314169660)
(2804753,314779843)
(2805237,314939392)
(2807976,315031410)
(2808130,315100181)
(2810482,315506889)
(2810538,315561481)
(2810586,315578538)
(2813092,316023242)
(2813145,316040070)
(2814015,316264484)
(2814435,316427966)
(2814748,316535484)
(2814857,316591199)
(2815464,317032900)
(2816051,317173710)
(2816771,317400890)
(2816878,317485375)
(2827400,318739944)
(2827594,318858396)
(2830342,319011294)
(2830563,319043036)
(2830633,319118583)
(2831230,319203877)
(2831721,319488283)
(2831830,319529504)
(2835522,319757564)
(2835696,319869274)
(2835773,319909971)
(2836869,320007881)
(2837181,320079268)
(2839279,320148035)
(2839411,320187810)
(2839734,320319342)
(2839789,320403230)
(2839920,320516715)
(2843386,321163493)
(2843996,321312589)
(2844421,321548181)
(2844471,321606443)
(2844974,321803347)
(2845345,321902852)
(2845526,322165326)
(2845601,322300533)
(2845733,322381290)
(2845881,322450306)
(2849249,322629205)
(2849271,322630599)
(2850533,323057806)
(2851313,323376964)
(2856380,323463260)
(2856801,323508021)
(2856895,323592762)
(2858347,323877270)
(2859038,323976453)
(2860013,324536064)
(2860476,324675579)
(2862724,324906434)
(2865197,324967740)
(2875585,326105026)
(2878249,326670371)
(2878452,326737685)
(2898703,327608231)
(2898755,327668079)
(2899284,327848293)
(2910929,328965511)
(2911126,329038390)
(2913416,329402903)
(2913821,329544297)
(2914012,329947123)
(2914505,330100690)
(2914710,330201017)
(2914736,330264823)
(2914915,330360541)
(2915030,330459180)
(2915189,330490971)
(2915212,330498787)
(2915423,330576228)
(2915579,330628044)
(2915780,330766584)
(2915824,330783848)
(2916450,330996365)
(2916666,331107355)
(2920663,331419383)
(2922104,331983473)
(2922246,332077872)
(2922790,332231420)
(2923472,332402335)
(2934977,333251769)
(2935642,333434922)
(2935770,333543099)
(2936846,333684950)
(2936850,333709306)
(2937695,333822846)
(2937865,333896228)
(2937978,333939200)
(2938024,333978788)
(2938045,333985322)
(2938487,334211688)
(2938558,334300899)
(2940437,334479463)
(2940481,334502224)
(2940892,334578288)
(2940896,334582560)
(2942971,335085581)
(2943044,335156658)
(2943355,335241588)
(2943430,335287014)
(2944266,335572851)
(2944608,335660691)
(2945203,335819308)
(2945470,335978364)
(2945591,336021657)
(2951905,336591854)
(2952806,336895528)
(2954439,337452659)
(2955567,337466379)
(2955593,337470050)
(2955847,337605591)
(2956581,337664524)
(2956670,337787380)
(2956900,337828466)
(2957033,337965899)
(2957381,338019290)
(2957464,338057270)
(2957536,338151438)
(2957551,338154448)
(2958370,338405436)
(2958467,338445794)
(2959389,338604156)
(2959443,338654691)
(2959823,338800854)
(2959980,338862280)
(2960133,338893129)
(2960282,338911723)
(2960319,338935784)
(2960688,339116613)
(2960759,339151585)
(2964736,339630414)
(2967445,339691265)
(2967465,339719899)
(2967931,339841506)
(2968243,339927289)
(2968290,339986273)
(2968441,340030913)
(2968643,340128074)
(2968706,340149402)
(2968936,340232625)
(2974005,340473131)
(2974031,340488966)
(2974140,340555160)
(2974237,340575229)
(2975492,340715855)
(2975674,340788266)
(2976087,341008603)
(2976120,341015496)
(2976563,341091299)
(2977126,341333706)
(2977184,341346247)
(2977680,341531597)
(2977746,341654780)
(2978460,341767975)
(2978668,341813779)
(2979973,342047130)
(2980456,342191416)
(2982262,342311792)
(2982373,342346572)
(2982468,342381637)
(2982512,342450111)
(2982662,342476216)
(2982950,342560005)
(2983299,342603609)
(2983490,342682793)
(2983575,342735160)
(2983721,342773967)
(2983867,342836216)
(2983948,342854607)
(2984083,342980396)
(2984106,342986095)
(2984705,343147517)
(2984818,343237110)
(2984987,343364938)
(2987183,343476541)
(2988442,343717628)
(2988539,343789656)
(2988601,343819891)
(2988709,343869628)
(2991035,344220824)
(2991141,344253624)
(2991437,344314081)
(2992153,344537350)
(2992204,344586451)
(2992389,344659355)
(2997195,345363039)
(2997258,345389668)
(2997673,345491141)
(2999615,345600914)
(3001242,345876995)
(3001273,345906216)
(3003499,346037004)
(3003983,346182394)
(3004384,346432576)
(3005254,346673994)
(3005626,346681567)
(3005753,346718263)
(3006301,346871898)
(3006473,347083952)
(3006742,347260053)
(3006755,347284523)
(3006946,347439753)
(3016578,348346911)
(3016851,348441971)
(3017246,348622705)
(3017302,348697222)
(3017641,348879737)
(3017736,348904832)
(3017786,348914338)
(3017928,348975221)
(3018368,349105099)
(3018455,349213561)
(3018466,349215794)
(3018822,349246820)
(3019083,349359251)
(3019106,349378500)
(3019301,349452082)
(3019365,349468984)
(3019408,349491120)
(3020193,349681451)
(3020427,349834262)
(3020625,349990662)
(3021156,350050295)
(3021210,350088143)
(3021805,350272725)
(3023093,350398287)
(3023315,350473257)
(3023992,350503546)
(3047535,350885787)
(3047574,350921740)
(3047943,351014374)
(3047989,351107860)
(3048242,351488121)
(3048550,351558085)
(3048810,351675265)
(3049130,351845871)
(3052101,351978114)
(3052166,352042962)
(3052227,352115308)
(3052270,352145216)
(3052683,352255949)
(3052772,352353133)
(3053333,352520465)
(3054602,352718695)
(3054691,352784533)
(3054730,352796447)
(3054813,352861447)
(3055109,352999169)
(3056567,353921677)
(3056657,353970816)
(3056724,353992910)
(3056809,354159074)
(3056963,354160968)
(3061902,354761760)
(3061957,354828412)
(3062326,354920005)
(3062342,354937332)
(3062576,355041217)
(3062920,355358582)
(3063149,355399572)
(3063947,355544321)
(3066264,356200338)
(3070449,356874772)
(3070578,356951738)
(3070973,357149899)
(3071350,357289716)
(3071504,357414185)
(3088531,358593475)
(3088646,358737065)
(3092358,359442654)
(3092882,359643674)
(3092905,359662151)
(3093908,359854025)
(3093970,359869667)
(3094161,359973128)
(3094558,360093614)
(3094698,360186538)
(3094856,360311690)
(3094982,360458479)
(3095134,360532704)
(3095492,360723138)
(3095543,360753508)
(3095814,360798010)
(3096080,360882022)
(3096247,360982784)
(3096318,361110651)
(3096701,361235802)
(3097222,361329218)
(3097307,361377461)
(3097997,361435118)
(3098575,361613288)
(3098799,361794849)
(3098873,361818619)
(3099656,362026469)
(3099827,362145230)
(3100954,362571631)
(3101099,362586397)
(3101476,362686772)
(3101545,362737435)
(3101565,362743969)
(3101714,362779347)
(3102113,362869077)
(3102214,362901812)
(3102332,362968915)
(3102386,363014379)
(3102406,363020046)
(3102446,363081979)
(3102731,363235248)
(3102740,363237811)
(3103348,363455604)
(3103374,363514435)
(3105733,364076360)
(3105741,364083453)
(3110950,364633682)
(3111515,364820645)
(3111791,364853944)
(3112214,364906743)
(3112391,364996827)
(3112779,365138843)
(3113188,365297120)
(3113309,365398766)
(3113479,365431214)
(3114799,365908436)
(3114877,365978718)
(3114907,365993375)
(3115209,366197491)
(3115629,366503929)
(3115860,366633503)
(3115944,366665040)
(3116615,366931958)
(3116944,366948179)
(3117007,367000900)
(3117066,367093918)
(3117432,367337126)
(3117568,367435598)
(3119125,367588434)
(3119245,367733782)
(3121794,368366576)
(3132629,370041199)
(3133747,370403974)
(3134164,370552064)
(3134218,370557433)
(3135145,370802404)
(3135206,370820956)
(3136901,371411205)
(3137285,371499295)
(3137451,371602306)
(3137519,371638302)
(3140460,371890798)
(3141106,372069322)
(3141369,372217272)
(3141533,372497941)
(3141955,372647282)
(3142167,372885424)
(3142454,372955000)
(3144522,373360585)
(3144596,373432762)
(3144723,373499643)
(3144798,373648768)
(3145401,373776959)
(3145677,374120476)
(3145730,374151913)
(3145964,374264165)
(3146019,374305657)
(3146238,374399110)
(3148669,374512482)
(3149002,374600304)
(3150308,375022494)
(3177632,375430599)
(3177851,375439735)
(3178472,375568004)
(3178793,375816409)
(3178986,375893241)
(3179350,376131923)
(3179718,376304619)
(3183341,376758733)
(3183536,376820997)
(3183653,376825444)
(3183818,376867553)
(3183821,376868253)
(3186290,377274367)
(3191234,377785247)
(3191628,377904937)
(3192538,378124153)
(3192688,378148457)
(3192894,378207393)
(3192953,378280756)
(3193799,378717265)
(3193820,378727742)
(3193830,378735858)
(3194006,378757624)
(3194078,378768220)
(3197713,378996022)
(3198278,379370091)
(3199868,379601355)
(3201949,379644808)
(3201994,379699998)
(3202025,379764585)
(3202088,379814040)
(3202390,379939190)
(3202408,379958181)
(3202440,379963262)
(3202546,380003177)
(3202783,380110640)
(3208961,380662715)
(3209191,380792887)
(3209382,380865462)
(3211426,381120448)
(3211493,381140488)
(3211595,381244851)
(3211663,381310388)
(3211822,381410893)
(3211906,381487307)
(3212382,381646221)
(3215112,382379371)
(3215444,382490098)
(3215591,382566812)
(3236365,382626091)
(3245458,382729677)
(3247360,383053518)
(3247584,383179263)
(3247675,383284361)
(3247715,383313578)
(3248072,383517221)
(3248203,383565619)
(3248622,383682713)
(3249046,383733099)
(3249383,383751803)
(3249741,383871157)
(3249911,384034310)
(3249995,384174826)
(3250024,384185182)
(3250040,384198103)
(3250483,384301361)
(3250876,384465945)
(3251197,384659456)
(3251615,384819060)
(3251815,384908199)
(3252525,385147529)
(3253199,385511634)
(3253472,385626819)
(3253768,385699334)
(3253912,385722356)
(3254058,385786551)
(3255577,386014519)
(3256000,386178794)
(3268551,387367133)
(3268600,387406281)
(3272125,387557313)
(3272141,387567882)
(3272198,387615804)
(3272232,387653854)
(3272302,387668354)
(3272789,387841442)
(3272863,387924445)
(3272880,387946611)
(3292576,388534384)
(3293120,388605969)
(3293667,388738178)
(3313964,389630533)
(3314466,389772677)
(3314580,389792186)
(3315828,389946381)
(3315916,390000922)
(3317715,390602372)
(3317935,390715040)
(3319950,390874779)
(3320490,391034347)
(3320604,391076207)
(3320701,391092637)
(3320860,391160386)
(3320937,391191960)
(3321387,391316637)
(3321801,391448726)
(3322103,391544570)
(3322202,391611924)
(3322537,391780358)
(3322787,391797292)
(3322872,391860788)
(3322905,391934213)
(3323628,391957611)
(3324465,392231332)
(3324830,392323208)
(3324932,392388267)
(3325222,392512338)
(3325302,392594042)
(3327302,392761718)
(3327347,392824345)
(3327718,392888448)
(3327880,392960377)
(3330404,393212623)
(3330805,393427492)
(3330818,393456706)
(3331085,393537275)
(3332711,393609908)
(3333094,393784280)
(3333185,393836267)
(3333433,393897013)
(3333731,394031460)
(3333865,394123208)
(3343895,394245456)
(3344184,394488555)
(3345380,395288708)
(3346385,395561062)
(3346469,395615206)
(3363053,396132685)
(3363330,396284456)
(3364295,396360371)
(3364424,396420079)
(3364590,396502956)
(3364616,396595906)
(3365166,396805687)
(3365201,396847315)
(3365362,396914354)
(3365533,396963240)
(3367942,397447673)
(3368052,397516769)
(3368392,397614757)
(3368544,397722582)
(3377325,398007632)
(3379942,398095621)
(3380061,398163856)
(3380271,398283202)
(3407448,398379242)
(3410051,398915712)
(3410089,399027131)
(3410152,399050288)
(3410338,399180202)
(3410402,399343621)
(3410901,399510026)
(3411204,399644649)
(3411258,399656570)
(3412001,399783521)
(3412163,399861804)
(3412761,399968200)
(3412871,400066064)
(3412991,400126251)
(3413310,400293347)
(3413372,400328522)
(3413793,400381961)
(3418540,400456700)
(3419708,400750281)
(3419762,400757865)
(3419775,400769902)
(3419796,400775275)
(3420030,400908931)
(3420176,401041665)
(3420567,401254826)
(3423082,401378614)
(3423117,401410519)
(3424213,401732311)
(3424255,401772139)
(3426441,402108943)
(3427057,402363598)
(3427066,402371776)
(3427235,402465910)
(3427250,402501178)
(3427952,402580401)
(3428091,402668970)
(3430882,402973742)
(3431461,403206606)
(3468846,404485311)
