(1,54079)
(2,31152)
(3,19780)
(4,18014)
(5,16800)
(6,14836)
(7,9818)
(8,7884)
(9,7761)
(10,6299)
(11,6007)
(12,5822)
(13,5748)
(14,5037)
(15,5036)
(16,5019)
(17,4829)
(18,4503)
(19,4345)
(20,4343)
(21,3985)
(22,3887)
(23,3733)
(24,3492)
(25,3448)
(26,3431)
(27,3308)
(28,3148)
(29,3001)
(30,2894)
(31,2893)
(32,2773)
(33,2632)
(34,2618)
(35,2332)
(36,2284)
(37,2097)
(38,2094)
(39,2053)
(40,1995)
(41,1916)
(42,1852)
(43,1848)
(44,1695)
(45,1654)
(46,1631)
(47,1590)
(48,1586)
(49,1555)
(50,1535)
(51,1490)
(52,1475)
(53,1467)
(54,1400)
(55,1371)
(56,1365)
(57,1363)
(58,1320)
(59,1312)
(60,1244)
(61,1214)
(62,1193)
(63,1140)
(64,1135)
(65,1132)
(66,1096)
(67,1091)
(68,1079)
(69,977)
(70,970)
(71,963)
(72,958)
(73,918)
(74,912)
(75,902)
(76,898)
(77,871)
(78,868)
(79,862)
(80,859)
(81,858)
(82,856)
(83,813)
(84,808)
(85,802)
(86,789)
(87,788)
(88,786)
(89,786)
(90,777)
(91,762)
(92,736)
(93,718)
(94,709)
(95,697)
(96,691)
(97,688)
(98,687)
(99,682)
(100,681)
(101,674)
(102,668)
(103,666)
(104,663)
(105,653)
(106,645)
(107,641)
(108,637)
(109,630)
(110,608)
(111,608)
(112,600)
(113,581)
(114,577)
(115,575)
(116,574)
(117,573)
(118,569)
(119,569)
(120,566)
(121,565)
(122,552)
(123,545)
(124,540)
(125,533)
(126,533)
(127,531)
(128,531)
(129,518)
(130,516)
(131,515)
(132,514)
(133,511)
(134,489)
(135,487)
(136,483)
(137,482)
(138,476)
(139,471)
(140,470)
(141,470)
(142,469)
(143,469)
(144,464)
(145,462)
(146,462)
(147,457)
(148,445)
(149,445)
(150,444)
(151,444)
(152,438)
(153,438)
(154,435)
(155,426)
(156,423)
(157,421)
(158,416)
(159,412)
(160,411)
(161,408)
(162,407)
(163,400)
(164,400)
(165,400)
(166,400)
(167,399)
(168,392)
(169,391)
(170,390)
(171,389)
(172,387)
(173,387)
(174,384)
(175,382)
(176,381)
(177,379)
(178,378)
(179,377)
(180,376)
(181,375)
(182,373)
(183,370)
(184,368)
(185,363)
(186,363)
(187,362)
(188,360)
(189,358)
(190,358)
(191,358)
(192,357)
(193,355)
(194,355)
(195,355)
(196,355)
(197,351)
(198,350)
(199,347)
(200,346)
(201,343)
(202,342)
(203,337)
(204,337)
(205,337)
(206,336)
(207,335)
(208,334)
(209,333)
(210,333)
(211,332)
(212,331)
(213,330)
(214,328)
(215,327)
(216,327)
(217,325)
(218,324)
(219,322)
(220,319)
(221,319)
(222,315)
(223,314)
(224,313)
(225,312)
(226,311)
(227,308)
(228,308)
(229,305)
(230,305)
(231,303)
(232,303)
(233,302)
(234,301)
(235,299)
(236,298)
(237,295)
(238,295)
(239,294)
(240,294)
(241,294)
(242,293)
(243,292)
(244,290)
(245,289)
(246,288)
(247,288)
(248,287)
(249,285)
(250,285)
(251,282)
(252,281)
(253,280)
(254,279)
(255,279)
(256,279)
(257,276)
(258,274)
(259,274)
(260,273)
(261,273)
(262,271)
(263,270)
(264,268)
(265,268)
(266,268)
(267,267)
(268,267)
(269,265)
(270,262)
(271,258)
(272,257)
(273,255)
(274,254)
(275,253)
(276,252)
(277,251)
(278,251)
(279,250)
(280,249)
(281,248)
(282,247)
(283,247)
(284,245)
(285,245)
(286,245)
(287,244)
(288,244)
(289,244)
(290,244)
(291,243)
(292,243)
(293,242)
(294,242)
(295,241)
(296,241)
(297,241)
(298,241)
(299,238)
(300,238)
(301,238)
(302,237)
(303,237)
(304,237)
(305,235)
(306,235)
(307,235)
(308,233)
(309,232)
(310,231)
(311,230)
(312,229)
(313,229)
(314,227)
(315,225)
(316,223)
(317,222)
(318,220)
(319,220)
(320,220)
(321,220)
(322,220)
(323,219)
(324,218)
(325,215)
(326,214)
(327,213)
(328,212)
(329,212)
(330,212)
(331,211)
(332,211)
(333,211)
(334,211)
(335,210)
(336,210)
(337,209)
(338,207)
(339,207)
(340,206)
(341,206)
(342,205)
(343,205)
(344,205)
(345,205)
(346,204)
(347,203)
(348,202)
(349,202)
(350,201)
(351,201)
(352,201)
(353,200)
(354,199)
(355,198)
(356,197)
(357,197)
(358,197)
(359,197)
(360,196)
(361,196)
(362,196)
(363,195)
(364,194)
(365,194)
(366,193)
(367,193)
(368,193)
(369,193)
(370,193)
(371,193)
(372,191)
(373,191)
(374,190)
(375,190)
(376,189)
(377,189)
(378,189)
(379,189)
(380,188)
(381,188)
(382,188)
(383,187)
(384,187)
(385,186)
(386,184)
(387,184)
(388,182)
(389,181)
(390,180)
(391,180)
(392,180)
(393,179)
(394,179)
(395,178)
(396,178)
(397,178)
(398,177)
(399,176)
(400,176)
(401,176)
(402,176)
(403,176)
(404,176)
(405,175)
(406,175)
(407,175)
(408,175)
(409,174)
(410,174)
(411,174)
(412,174)
(413,173)
(414,173)
(415,173)
(416,172)
(417,171)
(418,171)
(419,171)
(420,170)
(421,170)
(422,170)
(423,170)
(424,170)
(425,170)
(426,169)
(427,169)
(428,169)
(429,168)
(430,168)
(431,168)
(432,168)
(433,168)
(434,167)
(435,167)
(436,167)
(437,166)
(438,166)
(439,166)
(440,166)
(441,165)
(442,165)
(443,165)
(444,165)
(445,165)
(446,165)
(447,165)
(448,164)
(449,164)
(450,164)
(451,164)
(452,164)
(453,163)
(454,163)
(455,163)
(456,163)
(457,162)
(458,162)
(459,161)
(460,160)
(461,160)
(462,160)
(463,159)
(464,159)
(465,159)
(466,158)
(467,158)
(468,158)
(469,158)
(470,157)
(471,157)
(472,157)
(473,157)
(474,156)
(475,156)
(476,155)
(477,154)
(478,154)
(479,154)
(480,153)
(481,153)
(482,153)
(483,153)
(484,153)
(485,153)
(486,153)
(487,153)
(488,153)
(489,153)
(490,153)
(491,153)
(492,152)
(493,152)
(494,152)
(495,152)
(496,152)
(497,151)
(498,151)
(499,151)
(500,151)
(501,150)
(502,150)
(503,150)
(504,150)
(505,150)
(506,150)
(507,150)
(508,149)
(509,149)
(510,149)
(511,149)
(512,148)
(513,148)
(514,147)
(515,147)
(516,147)
(517,147)
(518,147)
(519,147)
(520,147)
(521,146)
(522,145)
(523,145)
(524,144)
(525,144)
(526,144)
(527,144)
(528,143)
(529,143)
(530,143)
(531,143)
(532,143)
(533,143)
(534,143)
(535,142)
(536,142)
(537,141)
(538,141)
(539,141)
(540,141)
(541,141)
(542,141)
(543,141)
(544,140)
(545,140)
(546,140)
(547,140)
(548,140)
(549,139)
(550,139)
(551,139)
(552,139)
(553,139)
(554,138)
(555,138)
(556,137)
(557,137)
(558,137)
(559,137)
(560,136)
(561,136)
(562,136)
(563,135)
(564,135)
(565,135)
(566,135)
(567,135)
(568,134)
(569,134)
(570,133)
(571,133)
(572,133)
(573,133)
(574,132)
(575,132)
(576,132)
(577,132)
(578,132)
(579,132)
(580,132)
(581,131)
(582,131)
(583,131)
(584,131)
(585,131)
(586,130)
(587,130)
(588,130)
(589,129)
(590,129)
(591,129)
(592,129)
(593,128)
(594,128)
(595,128)
(596,128)
(597,127)
(598,126)
(599,126)
(600,126)
(601,126)
(602,126)
(603,126)
(604,126)
(605,125)
(606,125)
(607,125)
(608,125)
(609,125)
(610,124)
(611,124)
(612,124)
(613,124)
(614,124)
(615,124)
(616,123)
(617,122)
(618,122)
(619,122)
(620,121)
(621,121)
(622,121)
(623,121)
(624,121)
(625,121)
(626,121)
(627,120)
(628,120)
(629,120)
(630,119)
(631,119)
(632,119)
(633,119)
(634,119)
(635,119)
(636,118)
(637,118)
(638,118)
(639,118)
(640,118)
(641,117)
(642,117)
(643,117)
(644,117)
(645,117)
(646,117)
(647,116)
(648,116)
(649,115)
(650,115)
(651,115)
(652,115)
(653,115)
(654,115)
(655,115)
(656,115)
(657,115)
(658,114)
(659,114)
(660,114)
(661,113)
(662,113)
(663,113)
(664,112)
(665,112)
(666,112)
(667,112)
(668,112)
(669,112)
(670,112)
(671,112)
(672,112)
(673,112)
(674,112)
(675,112)
(676,112)
(677,112)
(678,112)
(679,112)
(680,112)
(681,111)
(682,111)
(683,111)
(684,111)
(685,111)
(686,111)
(687,111)
(688,111)
(689,111)
(690,111)
(691,111)
(692,110)
(693,110)
(694,109)
(695,109)
(696,109)
(697,109)
(698,109)
(699,108)
(700,108)
(701,108)
(702,108)
(703,108)
(704,108)
(705,107)
(706,107)
(707,107)
(708,107)
(709,106)
(710,106)
(711,106)
(712,106)
(713,106)
(714,106)
(715,106)
(716,106)
(717,106)
(718,106)
(719,106)
(720,106)
(721,105)
(722,105)
(723,105)
(724,105)
(725,105)
(726,105)
(727,105)
(728,105)
(729,104)
(730,104)
(731,104)
(732,104)
(733,104)
(734,104)
(735,104)
(736,103)
(737,103)
(738,103)
(739,103)
(740,103)
(741,103)
(742,103)
(743,103)
(744,103)
(745,103)
(746,102)
(747,102)
(748,102)
(749,102)
(750,102)
(751,102)
(752,101)
(753,100)
(754,100)
(755,100)
(756,100)
(757,100)
(758,100)
(759,100)
(760,100)
(761,99)
(762,99)
(763,99)
(764,99)
(765,99)
(766,99)
(767,99)
(768,99)
(769,98)
(770,98)
(771,98)
(772,98)
(773,98)
(774,98)
(775,98)
(776,97)
(777,97)
(778,97)
(779,97)
(780,97)
(781,97)
(782,97)
(783,97)
(784,97)
(785,96)
(786,96)
(787,96)
(788,96)
(789,96)
(790,96)
(791,96)
(792,96)
(793,96)
(794,95)
(795,95)
(796,95)
(797,95)
(798,95)
(799,95)
(800,95)
(801,95)
(802,95)
(803,95)
(804,95)
(805,95)
(806,95)
(807,95)
(808,94)
(809,94)
(810,94)
(811,94)
(812,94)
(813,94)
(814,94)
(815,94)
(816,94)
(817,93)
(818,93)
(819,93)
(820,93)
(821,93)
(822,93)
(823,93)
(824,93)
(825,93)
(826,93)
(827,93)
(828,93)
(829,92)
(830,92)
(831,92)
(832,92)
(833,92)
(834,92)
(835,92)
(836,92)
(837,91)
(838,91)
(839,91)
(840,91)
(841,91)
(842,91)
(843,91)
(844,91)
(845,91)
(846,91)
(847,91)
(848,91)
(849,91)
(850,90)
(851,90)
(852,90)
(853,90)
(854,90)
(855,90)
(856,90)
(857,90)
(858,90)
(859,90)
(860,89)
(861,89)
(862,89)
(863,89)
(864,89)
(865,89)
(866,89)
(867,89)
(868,89)
(869,89)
(870,89)
(871,89)
(872,89)
(873,89)
(874,89)
(875,89)
(876,88)
(877,88)
(878,88)
(879,88)
(880,88)
(881,88)
(882,88)
(883,88)
(884,88)
(885,88)
(886,88)
(887,88)
(888,88)
(889,87)
(890,87)
(891,87)
(892,87)
(893,87)
(894,87)
(895,87)
(896,87)
(897,87)
(898,87)
(899,87)
(900,87)
(901,87)
(902,87)
(903,86)
(904,86)
(905,86)
(906,86)
(907,86)
(908,86)
(909,86)
(910,86)
(911,86)
(912,86)
(913,86)
(914,86)
(915,85)
(916,85)
(917,85)
(918,85)
(919,85)
(920,85)
(921,85)
(922,85)
(923,85)
(924,85)
(925,85)
(926,85)
(927,85)
(928,85)
(929,85)
(930,85)
(931,85)
(932,84)
(933,84)
(934,84)
(935,84)
(936,84)
(937,84)
(938,84)
(939,84)
(940,84)
(941,84)
(942,84)
(943,84)
(944,84)
(945,84)
(946,84)
(947,84)
(948,83)
(949,83)
(950,83)
(951,83)
(952,83)
(953,83)
(954,83)
(955,83)
(956,83)
(957,83)
(958,83)
(959,83)
(960,83)
(961,83)
(962,83)
(963,82)
(964,82)
(965,82)
(966,82)
(967,82)
(968,82)
(969,82)
(970,82)
(971,82)
(972,82)
(973,82)
(974,82)
(975,82)
(976,82)
(977,81)
(978,81)
(979,81)
(980,81)
(981,81)
(982,81)
(983,81)
(984,81)
(985,81)
(986,80)
(987,80)
(988,80)
(989,80)
(990,80)
(991,80)
(992,80)
(993,80)
(994,80)
(995,80)
(996,80)
(997,79)
(998,79)
(999,79)
(1000,79)
(1001,79)
(1002,79)
(1003,79)
(1004,79)
(1005,79)
(1006,79)
(1007,79)
(1008,78)
(1009,78)
(1010,78)
(1011,78)
(1012,78)
(1013,78)
(1014,78)
(1015,78)
(1016,78)
(1017,78)
(1018,78)
(1019,77)
(1020,77)
(1021,77)
(1022,77)
(1023,77)
(1024,77)
(1025,77)
(1026,77)
(1027,77)
(1028,77)
(1029,77)
(1030,77)
(1031,77)
(1032,77)
(1033,77)
(1034,77)
(1035,76)
(1036,76)
(1037,76)
(1038,76)
(1039,76)
(1040,76)
(1041,76)
(1042,76)
(1043,76)
(1044,76)
(1045,76)
(1046,76)
(1047,76)
(1048,76)
(1049,76)
(1050,75)
(1051,75)
(1052,75)
(1053,75)
(1054,75)
(1055,75)
(1056,75)
(1057,75)
(1058,75)
(1059,75)
(1060,75)
(1061,75)
(1062,75)
(1063,75)
(1064,75)
(1065,75)
(1066,74)
(1067,74)
(1068,74)
(1069,74)
(1070,74)
(1071,74)
(1072,74)
(1073,74)
(1074,74)
(1075,74)
(1076,74)
(1077,74)
(1078,74)
(1079,74)
(1080,74)
(1081,73)
(1082,73)
(1083,73)
(1084,73)
(1085,73)
(1086,73)
(1087,73)
(1088,73)
(1089,73)
(1090,73)
(1091,73)
(1092,73)
(1093,73)
(1094,73)
(1095,73)
(1096,73)
(1097,73)
(1098,73)
(1099,72)
(1100,72)
(1101,72)
(1102,72)
(1103,72)
(1104,72)
(1105,72)
(1106,72)
(1107,72)
(1108,72)
(1109,72)
(1110,72)
(1111,72)
(1112,72)
(1113,72)
(1114,72)
(1115,72)
(1116,72)
(1117,72)
(1118,72)
(1119,72)
(1120,71)
(1121,71)
(1122,71)
(1123,71)
(1124,71)
(1125,71)
(1126,71)
(1127,71)
(1128,71)
(1129,71)
(1130,71)
(1131,71)
(1132,71)
(1133,71)
(1134,71)
(1135,71)
(1136,71)
(1137,71)
(1138,70)
(1139,70)
(1140,70)
(1141,70)
(1142,70)
(1143,70)
(1144,70)
(1145,70)
(1146,70)
(1147,70)
(1148,70)
(1149,70)
(1150,70)
(1151,70)
(1152,70)
(1153,69)
(1154,69)
(1155,69)
(1156,69)
(1157,69)
(1158,69)
(1159,69)
(1160,69)
(1161,69)
(1162,69)
(1163,69)
(1164,69)
(1165,69)
(1166,69)
(1167,69)
(1168,69)
(1169,69)
(1170,69)
(1171,68)
(1172,68)
(1173,68)
(1174,68)
(1175,68)
(1176,68)
(1177,68)
(1178,68)
(1179,68)
(1180,68)
(1181,68)
(1182,68)
(1183,68)
(1184,68)
(1185,68)
(1186,67)
(1187,67)
(1188,67)
(1189,67)
(1190,67)
(1191,67)
(1192,67)
(1193,67)
(1194,67)
(1195,67)
(1196,67)
(1197,67)
(1198,67)
(1199,67)
(1200,67)
(1201,67)
(1202,67)
(1203,67)
(1204,66)
(1205,66)
(1206,66)
(1207,66)
(1208,66)
(1209,66)
(1210,66)
(1211,66)
(1212,66)
(1213,66)
(1214,65)
(1215,65)
(1216,65)
(1217,65)
(1218,65)
(1219,65)
(1220,65)
(1221,65)
(1222,65)
(1223,65)
(1224,65)
(1225,65)
(1226,65)
(1227,65)
(1228,64)
(1229,64)
(1230,64)
(1231,64)
(1232,64)
(1233,64)
(1234,64)
(1235,64)
(1236,64)
(1237,64)
(1238,64)
(1239,64)
(1240,64)
(1241,63)
(1242,63)
(1243,63)
(1244,63)
(1245,63)
(1246,63)
(1247,63)
(1248,63)
(1249,63)
(1250,63)
(1251,63)
(1252,63)
(1253,63)
(1254,63)
(1255,63)
(1256,63)
(1257,63)
(1258,63)
(1259,63)
(1260,63)
(1261,63)
(1262,63)
(1263,63)
(1264,63)
(1265,63)
(1266,62)
(1267,62)
(1268,62)
(1269,62)
(1270,62)
(1271,62)
(1272,62)
(1273,62)
(1274,62)
(1275,62)
(1276,62)
(1277,62)
(1278,62)
(1279,62)
(1280,62)
(1281,62)
(1282,62)
(1283,62)
(1284,62)
(1285,62)
(1286,62)
(1287,62)
(1288,61)
(1289,61)
(1290,61)
(1291,61)
(1292,61)
(1293,61)
(1294,61)
(1295,61)
(1296,61)
(1297,61)
(1298,61)
(1299,61)
(1300,61)
(1301,61)
(1302,61)
(1303,61)
(1304,61)
(1305,61)
(1306,61)
(1307,61)
(1308,61)
(1309,61)
(1310,61)
(1311,61)
(1312,60)
(1313,60)
(1314,60)
(1315,60)
(1316,60)
(1317,60)
(1318,60)
(1319,60)
(1320,60)
(1321,60)
(1322,60)
(1323,60)
(1324,60)
(1325,60)
(1326,60)
(1327,60)
(1328,59)
(1329,59)
(1330,59)
(1331,59)
(1332,59)
(1333,59)
(1334,59)
(1335,59)
(1336,59)
(1337,59)
(1338,59)
(1339,59)
(1340,59)
(1341,59)
(1342,59)
(1343,59)
(1344,59)
(1345,59)
(1346,59)
(1347,59)
(1348,59)
(1349,59)
(1350,58)
(1351,58)
(1352,58)
(1353,58)
(1354,58)
(1355,58)
(1356,58)
(1357,58)
(1358,58)
(1359,58)
(1360,58)
(1361,58)
(1362,58)
(1363,58)
(1364,58)
(1365,58)
(1366,58)
(1367,58)
(1368,58)
(1369,58)
(1370,58)
(1371,58)
(1372,58)
(1373,58)
(1374,58)
(1375,57)
(1376,57)
(1377,57)
(1378,57)
(1379,57)
(1380,57)
(1381,57)
(1382,57)
(1383,57)
(1384,57)
(1385,57)
(1386,57)
(1387,57)
(1388,57)
(1389,57)
(1390,57)
(1391,57)
(1392,57)
(1393,57)
(1394,57)
(1395,57)
(1396,57)
(1397,57)
(1398,56)
(1399,56)
(1400,56)
(1401,56)
(1402,56)
(1403,56)
(1404,56)
(1405,56)
(1406,56)
(1407,56)
(1408,56)
(1409,56)
(1410,56)
(1411,56)
(1412,56)
(1413,56)
(1414,56)
(1415,56)
(1416,56)
(1417,56)
(1418,56)
(1419,56)
(1420,56)
(1421,56)
(1422,56)
(1423,55)
(1424,55)
(1425,55)
(1426,55)
(1427,55)
(1428,55)
(1429,55)
(1430,55)
(1431,55)
(1432,55)
(1433,55)
(1434,55)
(1435,55)
(1436,55)
(1437,55)
(1438,55)
(1439,55)
(1440,55)
(1441,55)
(1442,55)
(1443,55)
(1444,55)
(1445,55)
(1446,54)
(1447,54)
(1448,54)
(1449,54)
(1450,54)
(1451,54)
(1452,54)
(1453,54)
(1454,54)
(1455,54)
(1456,54)
(1457,54)
(1458,54)
(1459,54)
(1460,54)
(1461,54)
(1462,54)
(1463,54)
(1464,54)
(1465,54)
(1466,54)
(1467,54)
(1468,54)
(1469,54)
(1470,54)
(1471,54)
(1472,54)
(1473,54)
(1474,54)
(1475,54)
(1476,54)
(1477,54)
(1478,54)
(1479,54)
(1480,54)
(1481,54)
(1482,53)
(1483,53)
(1484,53)
(1485,53)
(1486,53)
(1487,53)
(1488,53)
(1489,53)
(1490,53)
(1491,53)
(1492,53)
(1493,53)
(1494,53)
(1495,53)
(1496,53)
(1497,53)
(1498,53)
(1499,53)
(1500,53)
(1501,53)
(1502,53)
(1503,53)
(1504,53)
(1505,53)
(1506,52)
(1507,52)
(1508,52)
(1509,52)
(1510,52)
(1511,52)
(1512,52)
(1513,52)
(1514,52)
(1515,52)
(1516,52)
(1517,52)
(1518,52)
(1519,52)
(1520,52)
(1521,52)
(1522,52)
(1523,52)
(1524,52)
(1525,52)
(1526,52)
(1527,52)
(1528,52)
(1529,52)
(1530,52)
(1531,52)
(1532,52)
(1533,52)
(1534,52)
(1535,52)
(1536,52)
(1537,51)
(1538,51)
(1539,51)
(1540,51)
(1541,51)
(1542,51)
(1543,51)
(1544,51)
(1545,51)
(1546,51)
(1547,51)
(1548,51)
(1549,51)
(1550,51)
(1551,51)
(1552,51)
(1553,51)
(1554,51)
(1555,51)
(1556,51)
(1557,51)
(1558,51)
(1559,51)
(1560,51)
(1561,51)
(1562,51)
(1563,50)
(1564,50)
(1565,50)
(1566,50)
(1567,50)
(1568,50)
(1569,50)
(1570,50)
(1571,50)
(1572,50)
(1573,50)
(1574,50)
(1575,50)
(1576,50)
(1577,50)
(1578,50)
(1579,50)
(1580,50)
(1581,50)
(1582,50)
(1583,50)
(1584,50)
(1585,50)
(1586,50)
(1587,50)
(1588,50)
(1589,50)
(1590,50)
(1591,50)
(1592,50)
(1593,50)
(1594,49)
(1595,49)
(1596,49)
(1597,49)
(1598,49)
(1599,49)
(1600,49)
(1601,49)
(1602,49)
(1603,49)
(1604,49)
(1605,49)
(1606,49)
(1607,49)
(1608,49)
(1609,49)
(1610,49)
(1611,49)
(1612,49)
(1613,49)
(1614,49)
(1615,49)
(1616,49)
(1617,49)
(1618,49)
(1619,49)
(1620,49)
(1621,49)
(1622,48)
(1623,48)
(1624,48)
(1625,48)
(1626,48)
(1627,48)
(1628,48)
(1629,48)
(1630,48)
(1631,48)
(1632,48)
(1633,48)
(1634,48)
(1635,48)
(1636,48)
(1637,48)
(1638,48)
(1639,48)
(1640,48)
(1641,48)
(1642,48)
(1643,48)
(1644,48)
(1645,48)
(1646,48)
(1647,48)
(1648,48)
(1649,48)
(1650,48)
(1651,48)
(1652,48)
(1653,47)
(1654,47)
(1655,47)
(1656,47)
(1657,47)
(1658,47)
(1659,47)
(1660,47)
(1661,47)
(1662,47)
(1663,47)
(1664,47)
(1665,47)
(1666,47)
(1667,47)
(1668,47)
(1669,47)
(1670,47)
(1671,47)
(1672,47)
(1673,47)
(1674,47)
(1675,47)
(1676,47)
(1677,47)
(1678,47)
(1679,47)
(1680,47)
(1681,47)
(1682,47)
(1683,47)
(1684,47)
(1685,47)
(1686,47)
(1687,47)
(1688,47)
(1689,47)
(1690,47)
(1691,47)
(1692,47)
(1693,47)
(1694,47)
(1695,47)
(1696,47)
(1697,47)
(1698,46)
(1699,46)
(1700,46)
(1701,46)
(1702,46)
(1703,46)
(1704,46)
(1705,46)
(1706,46)
(1707,46)
(1708,46)
(1709,46)
(1710,46)
(1711,46)
(1712,46)
(1713,46)
(1714,46)
(1715,46)
(1716,46)
(1717,46)
(1718,46)
(1719,46)
(1720,46)
(1721,46)
(1722,46)
(1723,46)
(1724,46)
(1725,46)
(1726,46)
(1727,46)
(1728,46)
(1729,46)
(1730,46)
(1731,46)
(1732,46)
(1733,46)
(1734,45)
(1735,45)
(1736,45)
(1737,45)
(1738,45)
(1739,45)
(1740,45)
(1741,45)
(1742,45)
(1743,45)
(1744,45)
(1745,45)
(1746,45)
(1747,45)
(1748,45)
(1749,45)
(1750,45)
(1751,45)
(1752,45)
(1753,45)
(1754,45)
(1755,45)
(1756,45)
(1757,45)
(1758,45)
(1759,45)
(1760,45)
(1761,45)
(1762,45)
(1763,45)
(1764,45)
(1765,45)
(1766,44)
(1767,44)
(1768,44)
(1769,44)
(1770,44)
(1771,44)
(1772,44)
(1773,44)
(1774,44)
(1775,44)
(1776,44)
(1777,44)
(1778,44)
(1779,44)
(1780,44)
(1781,44)
(1782,44)
(1783,44)
(1784,44)
(1785,44)
(1786,44)
(1787,44)
(1788,44)
(1789,44)
(1790,44)
(1791,44)
(1792,44)
(1793,44)
(1794,44)
(1795,44)
(1796,44)
(1797,44)
(1798,44)
(1799,44)
(1800,43)
(1801,43)
(1802,43)
(1803,43)
(1804,43)
(1805,43)
(1806,43)
(1807,43)
(1808,43)
(1809,43)
(1810,43)
(1811,43)
(1812,43)
(1813,43)
(1814,43)
(1815,43)
(1816,43)
(1817,43)
(1818,43)
(1819,43)
(1820,43)
(1821,43)
(1822,43)
(1823,43)
(1824,43)
(1825,43)
(1826,43)
(1827,43)
(1828,43)
(1829,43)
(1830,43)
(1831,43)
(1832,43)
(1833,42)
(1834,42)
(1835,42)
(1836,42)
(1837,42)
(1838,42)
(1839,42)
(1840,42)
(1841,42)
(1842,42)
(1843,42)
(1844,42)
(1845,42)
(1846,42)
(1847,42)
(1848,42)
(1849,42)
(1850,42)
(1851,42)
(1852,42)
(1853,42)
(1854,42)
(1855,42)
(1856,42)
(1857,42)
(1858,42)
(1859,42)
(1860,42)
(1861,42)
(1862,42)
(1863,42)
(1864,42)
(1865,42)
(1866,42)
(1867,42)
(1868,42)
(1869,42)
(1870,42)
(1871,42)
(1872,42)
(1873,41)
(1874,41)
(1875,41)
(1876,41)
(1877,41)
(1878,41)
(1879,41)
(1880,41)
(1881,41)
(1882,41)
(1883,41)
(1884,41)
(1885,41)
(1886,41)
(1887,41)
(1888,41)
(1889,41)
(1890,41)
(1891,41)
(1892,41)
(1893,41)
(1894,41)
(1895,41)
(1896,41)
(1897,41)
(1898,41)
(1899,41)
(1900,41)
(1901,41)
(1902,41)
(1903,41)
(1904,41)
(1905,41)
(1906,41)
(1907,41)
(1908,41)
(1909,41)
(1910,41)
(1911,41)
(1912,41)
(1913,41)
(1914,41)
(1915,41)
(1916,41)
(1917,41)
(1918,41)
(1919,41)
(1920,40)
(1921,40)
(1922,40)
(1923,40)
(1924,40)
(1925,40)
(1926,40)
(1927,40)
(1928,40)
(1929,40)
(1930,40)
(1931,40)
(1932,40)
(1933,40)
(1934,40)
(1935,40)
(1936,40)
(1937,40)
(1938,40)
(1939,40)
(1940,40)
(1941,40)
(1942,40)
(1943,40)
(1944,40)
(1945,40)
(1946,40)
(1947,40)
(1948,40)
(1949,40)
(1950,40)
(1951,40)
(1952,40)
(1953,40)
(1954,40)
(1955,40)
(1956,40)
(1957,40)
(1958,40)
(1959,40)
(1960,40)
(1961,40)
(1962,40)
(1963,40)
(1964,40)
(1965,40)
(1966,40)
(1967,40)
(1968,40)
(1969,40)
(1970,39)
(1971,39)
(1972,39)
(1973,39)
(1974,39)
(1975,39)
(1976,39)
(1977,39)
(1978,39)
(1979,39)
(1980,39)
(1981,39)
(1982,39)
(1983,39)
(1984,39)
(1985,39)
(1986,39)
(1987,39)
(1988,39)
(1989,39)
(1990,39)
(1991,39)
(1992,39)
(1993,39)
(1994,39)
(1995,39)
(1996,39)
(1997,39)
(1998,39)
(1999,39)
(2000,39)
(2001,39)
(2002,39)
(2003,39)
(2004,39)
(2005,39)
(2006,39)
(2007,39)
(2008,39)
(2009,39)
(2010,39)
(2011,39)
(2012,38)
(2013,38)
(2014,38)
(2015,38)
(2016,38)
(2017,38)
(2018,38)
(2019,38)
(2020,38)
(2021,38)
(2022,38)
(2023,38)
(2024,38)
(2025,38)
(2026,38)
(2027,38)
(2028,38)
(2029,38)
(2030,38)
(2031,38)
(2032,38)
(2033,38)
(2034,38)
(2035,38)
(2036,38)
(2037,38)
(2038,38)
(2039,38)
(2040,38)
(2041,38)
(2042,38)
(2043,38)
(2044,38)
(2045,38)
(2046,38)
(2047,38)
(2048,38)
(2049,38)
(2050,38)
(2051,38)
(2052,38)
(2053,38)
(2054,38)
(2055,38)
(2056,38)
(2057,38)
(2058,38)
(2059,38)
(2060,38)
(2061,38)
(2062,38)
(2063,38)
(2064,38)
(2065,38)
(2066,38)
(2067,37)
(2068,37)
(2069,37)
(2070,37)
(2071,37)
(2072,37)
(2073,37)
(2074,37)
(2075,37)
(2076,37)
(2077,37)
(2078,37)
(2079,37)
(2080,37)
(2081,37)
(2082,37)
(2083,37)
(2084,37)
(2085,37)
(2086,37)
(2087,37)
(2088,37)
(2089,37)
(2090,37)
(2091,37)
(2092,37)
(2093,37)
(2094,37)
(2095,37)
(2096,37)
(2097,37)
(2098,37)
(2099,37)
(2100,37)
(2101,37)
(2102,37)
(2103,37)
(2104,37)
(2105,37)
(2106,37)
(2107,37)
(2108,37)
(2109,37)
(2110,37)
(2111,37)
(2112,37)
(2113,37)
(2114,37)
(2115,37)
(2116,36)
(2117,36)
(2118,36)
(2119,36)
(2120,36)
(2121,36)
(2122,36)
(2123,36)
(2124,36)
(2125,36)
(2126,36)
(2127,36)
(2128,36)
(2129,36)
(2130,36)
(2131,36)
(2132,36)
(2133,36)
(2134,36)
(2135,36)
(2136,36)
(2137,36)
(2138,36)
(2139,36)
(2140,36)
(2141,36)
(2142,36)
(2143,36)
(2144,36)
(2145,36)
(2146,36)
(2147,36)
(2148,36)
(2149,36)
(2150,36)
(2151,36)
(2152,36)
(2153,36)
(2154,36)
(2155,36)
(2156,36)
(2157,36)
(2158,36)
(2159,36)
(2160,36)
(2161,36)
(2162,35)
(2163,35)
(2164,35)
(2165,35)
(2166,35)
(2167,35)
(2168,35)
(2169,35)
(2170,35)
(2171,35)
(2172,35)
(2173,35)
(2174,35)
(2175,35)
(2176,35)
(2177,35)
(2178,35)
(2179,35)
(2180,35)
(2181,35)
(2182,35)
(2183,35)
(2184,35)
(2185,35)
(2186,35)
(2187,35)
(2188,35)
(2189,35)
(2190,35)
(2191,35)
(2192,35)
(2193,35)
(2194,35)
(2195,35)
(2196,35)
(2197,35)
(2198,35)
(2199,35)
(2200,35)
(2201,35)
(2202,35)
(2203,35)
(2204,35)
(2205,35)
(2206,35)
(2207,35)
(2208,35)
(2209,35)
(2210,35)
(2211,35)
(2212,35)
(2213,35)
(2214,35)
(2215,35)
(2216,35)
(2217,35)
(2218,35)
(2219,35)
(2220,35)
(2221,35)
(2222,35)
(2223,34)
(2224,34)
(2225,34)
(2226,34)
(2227,34)
(2228,34)
(2229,34)
(2230,34)
(2231,34)
(2232,34)
(2233,34)
(2234,34)
(2235,34)
(2236,34)
(2237,34)
(2238,34)
(2239,34)
(2240,34)
(2241,34)
(2242,34)
(2243,34)
(2244,34)
(2245,34)
(2246,34)
(2247,34)
(2248,34)
(2249,34)
(2250,34)
(2251,34)
(2252,34)
(2253,34)
(2254,34)
(2255,34)
(2256,34)
(2257,34)
(2258,34)
(2259,34)
(2260,34)
(2261,34)
(2262,34)
(2263,34)
(2264,34)
(2265,34)
(2266,34)
(2267,34)
(2268,34)
(2269,34)
(2270,34)
(2271,34)
(2272,34)
(2273,34)
(2274,34)
(2275,34)
(2276,34)
(2277,34)
(2278,34)
(2279,34)
(2280,33)
(2281,33)
(2282,33)
(2283,33)
(2284,33)
(2285,33)
(2286,33)
(2287,33)
(2288,33)
(2289,33)
(2290,33)
(2291,33)
(2292,33)
(2293,33)
(2294,33)
(2295,33)
(2296,33)
(2297,33)
(2298,33)
(2299,33)
(2300,33)
(2301,33)
(2302,33)
(2303,33)
(2304,33)
(2305,33)
(2306,33)
(2307,33)
(2308,33)
(2309,33)
(2310,33)
(2311,33)
(2312,33)
(2313,33)
(2314,33)
(2315,33)
(2316,33)
(2317,33)
(2318,33)
(2319,33)
(2320,33)
(2321,33)
(2322,33)
(2323,33)
(2324,33)
(2325,33)
(2326,33)
(2327,33)
(2328,33)
(2329,33)
(2330,33)
(2331,33)
(2332,33)
(2333,33)
(2334,33)
(2335,33)
(2336,33)
(2337,33)
(2338,33)
(2339,33)
(2340,33)
(2341,33)
(2342,33)
(2343,33)
(2344,33)
(2345,33)
(2346,33)
(2347,33)
(2348,33)
(2349,33)
(2350,33)
(2351,33)
(2352,33)
(2353,33)
(2354,33)
(2355,33)
(2356,33)
(2357,33)
(2358,32)
(2359,32)
(2360,32)
(2361,32)
(2362,32)
(2363,32)
(2364,32)
(2365,32)
(2366,32)
(2367,32)
(2368,32)
(2369,32)
(2370,32)
(2371,32)
(2372,32)
(2373,32)
(2374,32)
(2375,32)
(2376,32)
(2377,32)
(2378,32)
(2379,32)
(2380,32)
(2381,32)
(2382,32)
(2383,32)
(2384,32)
(2385,32)
(2386,32)
(2387,32)
(2388,32)
(2389,32)
(2390,32)
(2391,32)
(2392,32)
(2393,32)
(2394,32)
(2395,32)
(2396,32)
(2397,32)
(2398,32)
(2399,32)
(2400,32)
(2401,32)
(2402,32)
(2403,32)
(2404,32)
(2405,32)
(2406,32)
(2407,32)
(2408,32)
(2409,32)
(2410,32)
(2411,32)
(2412,32)
(2413,32)
(2414,32)
(2415,31)
(2416,31)
(2417,31)
(2418,31)
(2419,31)
(2420,31)
(2421,31)
(2422,31)
(2423,31)
(2424,31)
(2425,31)
(2426,31)
(2427,31)
(2428,31)
(2429,31)
(2430,31)
(2431,31)
(2432,31)
(2433,31)
(2434,31)
(2435,31)
(2436,31)
(2437,31)
(2438,31)
(2439,31)
(2440,31)
(2441,31)
(2442,31)
(2443,31)
(2444,31)
(2445,31)
(2446,31)
(2447,31)
(2448,31)
(2449,31)
(2450,31)
(2451,31)
(2452,31)
(2453,31)
(2454,31)
(2455,31)
(2456,31)
(2457,31)
(2458,31)
(2459,31)
(2460,31)
(2461,31)
(2462,31)
(2463,31)
(2464,31)
(2465,31)
(2466,31)
(2467,31)
(2468,31)
(2469,31)
(2470,31)
(2471,31)
(2472,31)
(2473,31)
(2474,31)
(2475,31)
(2476,31)
(2477,30)
(2478,30)
(2479,30)
(2480,30)
(2481,30)
(2482,30)
(2483,30)
(2484,30)
(2485,30)
(2486,30)
(2487,30)
(2488,30)
(2489,30)
(2490,30)
(2491,30)
(2492,30)
(2493,30)
(2494,30)
(2495,30)
(2496,30)
(2497,30)
(2498,30)
(2499,30)
(2500,30)
(2501,30)
(2502,30)
(2503,30)
(2504,30)
(2505,30)
(2506,30)
(2507,30)
(2508,30)
(2509,30)
(2510,30)
(2511,30)
(2512,30)
(2513,30)
(2514,30)
(2515,30)
(2516,30)
(2517,30)
(2518,30)
(2519,30)
(2520,30)
(2521,30)
(2522,30)
(2523,30)
(2524,30)
(2525,30)
(2526,30)
(2527,30)
(2528,30)
(2529,30)
(2530,30)
(2531,30)
(2532,30)
(2533,30)
(2534,30)
(2535,30)
(2536,30)
(2537,30)
(2538,30)
(2539,30)
(2540,30)
(2541,30)
(2542,29)
(2543,29)
(2544,29)
(2545,29)
(2546,29)
(2547,29)
(2548,29)
(2549,29)
(2550,29)
(2551,29)
(2552,29)
(2553,29)
(2554,29)
(2555,29)
(2556,29)
(2557,29)
(2558,29)
(2559,29)
(2560,29)
(2561,29)
(2562,29)
(2563,29)
(2564,29)
(2565,29)
(2566,29)
(2567,29)
(2568,29)
(2569,29)
(2570,29)
(2571,29)
(2572,29)
(2573,29)
(2574,29)
(2575,29)
(2576,29)
(2577,29)
(2578,29)
(2579,29)
(2580,29)
(2581,29)
(2582,29)
(2583,29)
(2584,29)
(2585,29)
(2586,29)
(2587,29)
(2588,29)
(2589,29)
(2590,29)
(2591,29)
(2592,29)
(2593,29)
(2594,29)
(2595,29)
(2596,29)
(2597,29)
(2598,29)
(2599,29)
(2600,29)
(2601,29)
(2602,29)
(2603,29)
(2604,29)
(2605,29)
(2606,29)
(2607,29)
(2608,29)
(2609,29)
(2610,29)
(2611,29)
(2612,29)
(2613,29)
(2614,29)
(2615,29)
(2616,29)
(2617,29)
(2618,29)
(2619,29)
(2620,29)
(2621,29)
(2622,29)
(2623,29)
(2624,29)
(2625,29)
(2626,29)
(2627,29)
(2628,29)
(2629,29)
(2630,29)
(2631,28)
(2632,28)
(2633,28)
(2634,28)
(2635,28)
(2636,28)
(2637,28)
(2638,28)
(2639,28)
(2640,28)
(2641,28)
(2642,28)
(2643,28)
(2644,28)
(2645,28)
(2646,28)
(2647,28)
(2648,28)
(2649,28)
(2650,28)
(2651,28)
(2652,28)
(2653,28)
(2654,28)
(2655,28)
(2656,28)
(2657,28)
(2658,28)
(2659,28)
(2660,28)
(2661,28)
(2662,28)
(2663,28)
(2664,28)
(2665,28)
(2666,28)
(2667,28)
(2668,28)
(2669,28)
(2670,28)
(2671,28)
(2672,28)
(2673,28)
(2674,28)
(2675,28)
(2676,28)
(2677,28)
(2678,28)
(2679,28)
(2680,28)
(2681,28)
(2682,28)
(2683,28)
(2684,28)
(2685,28)
(2686,28)
(2687,28)
(2688,28)
(2689,28)
(2690,28)
(2691,28)
(2692,28)
(2693,28)
(2694,28)
(2695,28)
(2696,28)
(2697,28)
(2698,28)
(2699,28)
(2700,28)
(2701,28)
(2702,28)
(2703,28)
(2704,28)
(2705,28)
(2706,28)
(2707,28)
(2708,28)
(2709,28)
(2710,27)
(2711,27)
(2712,27)
(2713,27)
(2714,27)
(2715,27)
(2716,27)
(2717,27)
(2718,27)
(2719,27)
(2720,27)
(2721,27)
(2722,27)
(2723,27)
(2724,27)
(2725,27)
(2726,27)
(2727,27)
(2728,27)
(2729,27)
(2730,27)
(2731,27)
(2732,27)
(2733,27)
(2734,27)
(2735,27)
(2736,27)
(2737,27)
(2738,27)
(2739,27)
(2740,27)
(2741,27)
(2742,27)
(2743,27)
(2744,27)
(2745,27)
(2746,27)
(2747,27)
(2748,27)
(2749,27)
(2750,27)
(2751,27)
(2752,27)
(2753,27)
(2754,27)
(2755,27)
(2756,27)
(2757,27)
(2758,27)
(2759,27)
(2760,27)
(2761,27)
(2762,27)
(2763,27)
(2764,27)
(2765,27)
(2766,27)
(2767,27)
(2768,27)
(2769,27)
(2770,27)
(2771,27)
(2772,27)
(2773,27)
(2774,27)
(2775,27)
(2776,27)
(2777,27)
(2778,27)
(2779,27)
(2780,27)
(2781,27)
(2782,27)
(2783,27)
(2784,27)
(2785,27)
(2786,27)
(2787,27)
(2788,27)
(2789,27)
(2790,27)
(2791,27)
(2792,27)
(2793,27)
(2794,27)
(2795,27)
(2796,27)
(2797,27)
(2798,27)
(2799,27)
(2800,27)
(2801,26)
(2802,26)
(2803,26)
(2804,26)
(2805,26)
(2806,26)
(2807,26)
(2808,26)
(2809,26)
(2810,26)
(2811,26)
(2812,26)
(2813,26)
(2814,26)
(2815,26)
(2816,26)
(2817,26)
(2818,26)
(2819,26)
(2820,26)
(2821,26)
(2822,26)
(2823,26)
(2824,26)
(2825,26)
(2826,26)
(2827,26)
(2828,26)
(2829,26)
(2830,26)
(2831,26)
(2832,26)
(2833,26)
(2834,26)
(2835,26)
(2836,26)
(2837,26)
(2838,26)
(2839,26)
(2840,26)
(2841,26)
(2842,26)
(2843,26)
(2844,26)
(2845,26)
(2846,26)
(2847,26)
(2848,26)
(2849,26)
(2850,26)
(2851,26)
(2852,26)
(2853,26)
(2854,26)
(2855,26)
(2856,26)
(2857,26)
(2858,26)
(2859,26)
(2860,26)
(2861,26)
(2862,26)
(2863,26)
(2864,26)
(2865,26)
(2866,26)
(2867,26)
(2868,26)
(2869,26)
(2870,26)
(2871,26)
(2872,26)
(2873,26)
(2874,26)
(2875,26)
(2876,26)
(2877,26)
(2878,26)
(2879,26)
(2880,26)
(2881,26)
(2882,26)
(2883,26)
(2884,26)
(2885,25)
(2886,25)
(2887,25)
(2888,25)
(2889,25)
(2890,25)
(2891,25)
(2892,25)
(2893,25)
(2894,25)
(2895,25)
(2896,25)
(2897,25)
(2898,25)
(2899,25)
(2900,25)
(2901,25)
(2902,25)
(2903,25)
(2904,25)
(2905,25)
(2906,25)
(2907,25)
(2908,25)
(2909,25)
(2910,25)
(2911,25)
(2912,25)
(2913,25)
(2914,25)
(2915,25)
(2916,25)
(2917,25)
(2918,25)
(2919,25)
(2920,25)
(2921,25)
(2922,25)
(2923,25)
(2924,25)
(2925,25)
(2926,25)
(2927,25)
(2928,25)
(2929,25)
(2930,25)
(2931,25)
(2932,25)
(2933,25)
(2934,25)
(2935,25)
(2936,25)
(2937,25)
(2938,25)
(2939,25)
(2940,25)
(2941,25)
(2942,25)
(2943,25)
(2944,25)
(2945,25)
(2946,25)
(2947,25)
(2948,25)
(2949,25)
(2950,25)
(2951,25)
(2952,25)
(2953,25)
(2954,25)
(2955,25)
(2956,25)
(2957,25)
(2958,25)
(2959,25)
(2960,25)
(2961,25)
(2962,25)
(2963,25)
(2964,25)
(2965,25)
(2966,25)
(2967,25)
(2968,25)
(2969,25)
(2970,25)
(2971,25)
(2972,25)
(2973,25)
(2974,25)
(2975,25)
(2976,25)
(2977,25)
(2978,25)
(2979,25)
(2980,25)
(2981,25)
(2982,25)
(2983,25)
(2984,25)
(2985,25)
(2986,25)
(2987,25)
(2988,25)
(2989,25)
(2990,25)
(2991,25)
(2992,24)
(2993,24)
(2994,24)
(2995,24)
(2996,24)
(2997,24)
(2998,24)
(2999,24)
(3000,24)
(3001,24)
(3002,24)
(3003,24)
(3004,24)
(3005,24)
(3006,24)
(3007,24)
(3008,24)
(3009,24)
(3010,24)
(3011,24)
(3012,24)
(3013,24)
(3014,24)
(3015,24)
(3016,24)
(3017,24)
(3018,24)
(3019,24)
(3020,24)
(3021,24)
(3022,24)
(3023,24)
(3024,24)
(3025,24)
(3026,24)
(3027,24)
(3028,24)
(3029,24)
(3030,24)
(3031,24)
(3032,24)
(3033,24)
(3034,24)
(3035,24)
(3036,24)
(3037,24)
(3038,24)
(3039,24)
(3040,24)
(3041,24)
(3042,24)
(3043,24)
(3044,24)
(3045,24)
(3046,24)
(3047,24)
(3048,24)
(3049,24)
(3050,24)
(3051,24)
(3052,24)
(3053,24)
(3054,24)
(3055,24)
(3056,24)
(3057,24)
(3058,24)
(3059,24)
(3060,24)
(3061,24)
(3062,24)
(3063,24)
(3064,24)
(3065,24)
(3066,24)
(3067,24)
(3068,24)
(3069,24)
(3070,24)
(3071,24)
(3072,24)
(3073,24)
(3074,24)
(3075,24)
(3076,24)
(3077,24)
(3078,24)
(3079,24)
(3080,24)
(3081,24)
(3082,24)
(3083,24)
(3084,24)
(3085,24)
(3086,24)
(3087,24)
(3088,24)
(3089,24)
(3090,24)
(3091,24)
(3092,24)
(3093,24)
(3094,24)
(3095,24)
(3096,24)
(3097,24)
(3098,24)
(3099,24)
(3100,24)
(3101,24)
(3102,24)
(3103,24)
(3104,24)
(3105,24)
(3106,24)
(3107,24)
(3108,24)
(3109,24)
(3110,24)
(3111,24)
(3112,24)
(3113,24)
(3114,24)
(3115,24)
(3116,24)
(3117,24)
(3118,24)
(3119,23)
(3120,23)
(3121,23)
(3122,23)
(3123,23)
(3124,23)
(3125,23)
(3126,23)
(3127,23)
(3128,23)
(3129,23)
(3130,23)
(3131,23)
(3132,23)
(3133,23)
(3134,23)
(3135,23)
(3136,23)
(3137,23)
(3138,23)
(3139,23)
(3140,23)
(3141,23)
(3142,23)
(3143,23)
(3144,23)
(3145,23)
(3146,23)
(3147,23)
(3148,23)
(3149,23)
(3150,23)
(3151,23)
(3152,23)
(3153,23)
(3154,23)
(3155,23)
(3156,23)
(3157,23)
(3158,23)
(3159,23)
(3160,23)
(3161,23)
(3162,23)
(3163,23)
(3164,23)
(3165,23)
(3166,23)
(3167,23)
(3168,23)
(3169,23)
(3170,23)
(3171,23)
(3172,23)
(3173,23)
(3174,23)
(3175,23)
(3176,23)
(3177,23)
(3178,23)
(3179,23)
(3180,23)
(3181,23)
(3182,23)
(3183,23)
(3184,23)
(3185,23)
(3186,23)
(3187,23)
(3188,23)
(3189,23)
(3190,23)
(3191,23)
(3192,23)
(3193,23)
(3194,23)
(3195,23)
(3196,23)
(3197,23)
(3198,23)
(3199,23)
(3200,23)
(3201,23)
(3202,23)
(3203,23)
(3204,23)
(3205,23)
(3206,23)
(3207,23)
(3208,23)
(3209,23)
(3210,23)
(3211,23)
(3212,23)
(3213,23)
(3214,23)
(3215,23)
(3216,23)
(3217,23)
(3218,23)
(3219,23)
(3220,23)
(3221,23)
(3222,23)
(3223,23)
(3224,23)
(3225,23)
(3226,23)
(3227,23)
(3228,23)
(3229,23)
(3230,23)
(3231,23)
(3232,23)
(3233,23)
(3234,23)
(3235,23)
(3236,23)
(3237,23)
(3238,23)
(3239,23)
(3240,23)
(3241,23)
(3242,23)
(3243,23)
(3244,23)
(3245,23)
(3246,23)
(3247,23)
(3248,23)
(3249,22)
(3250,22)
(3251,22)
(3252,22)
(3253,22)
(3254,22)
(3255,22)
(3256,22)
(3257,22)
(3258,22)
(3259,22)
(3260,22)
(3261,22)
(3262,22)
(3263,22)
(3264,22)
(3265,22)
(3266,22)
(3267,22)
(3268,22)
(3269,22)
(3270,22)
(3271,22)
(3272,22)
(3273,22)
(3274,22)
(3275,22)
(3276,22)
(3277,22)
(3278,22)
(3279,22)
(3280,22)
(3281,22)
(3282,22)
(3283,22)
(3284,22)
(3285,22)
(3286,22)
(3287,22)
(3288,22)
(3289,22)
(3290,22)
(3291,22)
(3292,22)
(3293,22)
(3294,22)
(3295,22)
(3296,22)
(3297,22)
(3298,22)
(3299,22)
(3300,22)
(3301,22)
(3302,22)
(3303,22)
(3304,22)
(3305,22)
(3306,22)
(3307,22)
(3308,22)
(3309,22)
(3310,22)
(3311,22)
(3312,22)
(3313,22)
(3314,22)
(3315,22)
(3316,22)
(3317,22)
(3318,22)
(3319,22)
(3320,22)
(3321,22)
(3322,22)
(3323,22)
(3324,22)
(3325,22)
(3326,22)
(3327,22)
(3328,22)
(3329,22)
(3330,22)
(3331,22)
(3332,22)
(3333,22)
(3334,22)
(3335,22)
(3336,22)
(3337,22)
(3338,22)
(3339,22)
(3340,22)
(3341,22)
(3342,22)
(3343,22)
(3344,22)
(3345,22)
(3346,22)
(3347,22)
(3348,22)
(3349,22)
(3350,22)
(3351,22)
(3352,22)
(3353,22)
(3354,22)
(3355,22)
(3356,22)
(3357,22)
(3358,22)
(3359,22)
(3360,22)
(3361,22)
(3362,22)
(3363,22)
(3364,22)
(3365,22)
(3366,22)
(3367,22)
(3368,22)
(3369,22)
(3370,22)
(3371,22)
(3372,22)
(3373,22)
(3374,22)
(3375,22)
(3376,22)
(3377,22)
(3378,22)
(3379,22)
(3380,22)
(3381,22)
(3382,22)
(3383,22)
(3384,22)
(3385,22)
(3386,22)
(3387,22)
(3388,22)
(3389,22)
(3390,22)
(3391,22)
(3392,22)
(3393,22)
(3394,21)
(3395,21)
(3396,21)
(3397,21)
(3398,21)
(3399,21)
(3400,21)
(3401,21)
(3402,21)
(3403,21)
(3404,21)
(3405,21)
(3406,21)
(3407,21)
(3408,21)
(3409,21)
(3410,21)
(3411,21)
(3412,21)
(3413,21)
(3414,21)
(3415,21)
(3416,21)
(3417,21)
(3418,21)
(3419,21)
(3420,21)
(3421,21)
(3422,21)
(3423,21)
(3424,21)
(3425,21)
(3426,21)
(3427,21)
(3428,21)
(3429,21)
(3430,21)
(3431,21)
(3432,21)
(3433,21)
(3434,21)
(3435,21)
(3436,21)
(3437,21)
(3438,21)
(3439,21)
(3440,21)
(3441,21)
(3442,21)
(3443,21)
(3444,21)
(3445,21)
(3446,21)
(3447,21)
(3448,21)
(3449,21)
(3450,21)
(3451,21)
(3452,21)
(3453,21)
(3454,21)
(3455,21)
(3456,21)
(3457,21)
(3458,21)
(3459,21)
(3460,21)
(3461,21)
(3462,21)
(3463,21)
(3464,21)
(3465,21)
(3466,21)
(3467,21)
(3468,21)
(3469,21)
(3470,21)
(3471,21)
(3472,21)
(3473,21)
(3474,21)
(3475,21)
(3476,21)
(3477,21)
(3478,21)
(3479,21)
(3480,21)
(3481,21)
(3482,21)
(3483,21)
(3484,21)
(3485,21)
(3486,21)
(3487,21)
(3488,21)
(3489,21)
(3490,21)
(3491,21)
(3492,21)
(3493,21)
(3494,21)
(3495,21)
(3496,21)
(3497,21)
(3498,21)
(3499,21)
(3500,21)
(3501,21)
(3502,21)
(3503,21)
(3504,21)
(3505,21)
(3506,21)
(3507,21)
(3508,21)
(3509,21)
(3510,21)
(3511,21)
(3512,21)
(3513,21)
(3514,21)
(3515,21)
(3516,21)
(3517,21)
(3518,21)
(3519,21)
(3520,21)
(3521,21)
(3522,21)
(3523,21)
(3524,21)
(3525,21)
(3526,21)
(3527,21)
(3528,21)
(3529,21)
(3530,21)
(3531,21)
(3532,21)
(3533,21)
(3534,21)
(3535,21)
(3536,21)
(3537,21)
(3538,21)
(3539,21)
(3540,21)
(3541,21)
(3542,21)
(3543,21)
(3544,21)
(3545,21)
(3546,20)
(3547,20)
(3548,20)
(3549,20)
(3550,20)
(3551,20)
(3552,20)
(3553,20)
(3554,20)
(3555,20)
(3556,20)
(3557,20)
(3558,20)
(3559,20)
(3560,20)
(3561,20)
(3562,20)
(3563,20)
(3564,20)
(3565,20)
(3566,20)
(3567,20)
(3568,20)
(3569,20)
(3570,20)
(3571,20)
(3572,20)
(3573,20)
(3574,20)
(3575,20)
(3576,20)
(3577,20)
(3578,20)
(3579,20)
(3580,20)
(3581,20)
(3582,20)
(3583,20)
(3584,20)
(3585,20)
(3586,20)
(3587,20)
(3588,20)
(3589,20)
(3590,20)
(3591,20)
(3592,20)
(3593,20)
(3594,20)
(3595,20)
(3596,20)
(3597,20)
(3598,20)
(3599,20)
(3600,20)
(3601,20)
(3602,20)
(3603,20)
(3604,20)
(3605,20)
(3606,20)
(3607,20)
(3608,20)
(3609,20)
(3610,20)
(3611,20)
(3612,20)
(3613,20)
(3614,20)
(3615,20)
(3616,20)
(3617,20)
(3618,20)
(3619,20)
(3620,20)
(3621,20)
(3622,20)
(3623,20)
(3624,20)
(3625,20)
(3626,20)
(3627,20)
(3628,20)
(3629,20)
(3630,20)
(3631,20)
(3632,20)
(3633,20)
(3634,20)
(3635,20)
(3636,20)
(3637,20)
(3638,20)
(3639,20)
(3640,20)
(3641,20)
(3642,20)
(3643,20)
(3644,20)
(3645,20)
(3646,20)
(3647,20)
(3648,20)
(3649,20)
(3650,20)
(3651,20)
(3652,20)
(3653,20)
(3654,20)
(3655,20)
(3656,20)
(3657,20)
(3658,20)
(3659,20)
(3660,20)
(3661,20)
(3662,20)
(3663,20)
(3664,20)
(3665,20)
(3666,20)
(3667,20)
(3668,20)
(3669,20)
(3670,20)
(3671,20)
(3672,20)
(3673,20)
(3674,20)
(3675,20)
(3676,20)
(3677,20)
(3678,20)
(3679,20)
(3680,20)
(3681,20)
(3682,20)
(3683,20)
(3684,20)
(3685,20)
(3686,20)
(3687,20)
(3688,20)
(3689,20)
(3690,20)
(3691,20)
(3692,20)
(3693,20)
(3694,19)
(3695,19)
(3696,19)
(3697,19)
(3698,19)
(3699,19)
(3700,19)
(3701,19)
(3702,19)
(3703,19)
(3704,19)
(3705,19)
(3706,19)
(3707,19)
(3708,19)
(3709,19)
(3710,19)
(3711,19)
(3712,19)
(3713,19)
(3714,19)
(3715,19)
(3716,19)
(3717,19)
(3718,19)
(3719,19)
(3720,19)
(3721,19)
(3722,19)
(3723,19)
(3724,19)
(3725,19)
(3726,19)
(3727,19)
(3728,19)
(3729,19)
(3730,19)
(3731,19)
(3732,19)
(3733,19)
(3734,19)
(3735,19)
(3736,19)
(3737,19)
(3738,19)
(3739,19)
(3740,19)
(3741,19)
(3742,19)
(3743,19)
(3744,19)
(3745,19)
(3746,19)
(3747,19)
(3748,19)
(3749,19)
(3750,19)
(3751,19)
(3752,19)
(3753,19)
(3754,19)
(3755,19)
(3756,19)
(3757,19)
(3758,19)
(3759,19)
(3760,19)
(3761,19)
(3762,19)
(3763,19)
(3764,19)
(3765,19)
(3766,19)
(3767,19)
(3768,19)
(3769,19)
(3770,19)
(3771,19)
(3772,19)
(3773,19)
(3774,19)
(3775,19)
(3776,19)
(3777,19)
(3778,19)
(3779,19)
(3780,19)
(3781,19)
(3782,19)
(3783,19)
(3784,19)
(3785,19)
(3786,19)
(3787,19)
(3788,19)
(3789,19)
(3790,19)
(3791,19)
(3792,19)
(3793,19)
(3794,19)
(3795,19)
(3796,19)
(3797,19)
(3798,19)
(3799,19)
(3800,19)
(3801,19)
(3802,19)
(3803,19)
(3804,19)
(3805,19)
(3806,19)
(3807,19)
(3808,19)
(3809,19)
(3810,19)
(3811,19)
(3812,19)
(3813,19)
(3814,19)
(3815,19)
(3816,19)
(3817,19)
(3818,19)
(3819,19)
(3820,19)
(3821,19)
(3822,19)
(3823,19)
(3824,19)
(3825,19)
(3826,19)
(3827,19)
(3828,19)
(3829,19)
(3830,19)
(3831,19)
(3832,19)
(3833,19)
(3834,19)
(3835,19)
(3836,19)
(3837,19)
(3838,19)
(3839,19)
(3840,19)
(3841,19)
(3842,19)
(3843,19)
(3844,19)
(3845,19)
(3846,19)
(3847,19)
(3848,19)
(3849,19)
(3850,19)
(3851,19)
(3852,19)
(3853,19)
(3854,19)
(3855,19)
(3856,18)
(3857,18)
(3858,18)
(3859,18)
(3860,18)
(3861,18)
(3862,18)
(3863,18)
(3864,18)
(3865,18)
(3866,18)
(3867,18)
(3868,18)
(3869,18)
(3870,18)
(3871,18)
(3872,18)
(3873,18)
(3874,18)
(3875,18)
(3876,18)
(3877,18)
(3878,18)
(3879,18)
(3880,18)
(3881,18)
(3882,18)
(3883,18)
(3884,18)
(3885,18)
(3886,18)
(3887,18)
(3888,18)
(3889,18)
(3890,18)
(3891,18)
(3892,18)
(3893,18)
(3894,18)
(3895,18)
(3896,18)
(3897,18)
(3898,18)
(3899,18)
(3900,18)
(3901,18)
(3902,18)
(3903,18)
(3904,18)
(3905,18)
(3906,18)
(3907,18)
(3908,18)
(3909,18)
(3910,18)
(3911,18)
(3912,18)
(3913,18)
(3914,18)
(3915,18)
(3916,18)
(3917,18)
(3918,18)
(3919,18)
(3920,18)
(3921,18)
(3922,18)
(3923,18)
(3924,18)
(3925,18)
(3926,18)
(3927,18)
(3928,18)
(3929,18)
(3930,18)
(3931,18)
(3932,18)
(3933,18)
(3934,18)
(3935,18)
(3936,18)
(3937,18)
(3938,18)
(3939,18)
(3940,18)
(3941,18)
(3942,18)
(3943,18)
(3944,18)
(3945,18)
(3946,18)
(3947,18)
(3948,18)
(3949,18)
(3950,18)
(3951,18)
(3952,18)
(3953,18)
(3954,18)
(3955,18)
(3956,18)
(3957,18)
(3958,18)
(3959,18)
(3960,18)
(3961,18)
(3962,18)
(3963,18)
(3964,18)
(3965,18)
(3966,18)
(3967,18)
(3968,18)
(3969,18)
(3970,18)
(3971,18)
(3972,18)
(3973,18)
(3974,18)
(3975,18)
(3976,18)
(3977,18)
(3978,18)
(3979,18)
(3980,18)
(3981,18)
(3982,18)
(3983,18)
(3984,18)
(3985,18)
(3986,18)
(3987,18)
(3988,18)
(3989,18)
(3990,18)
(3991,18)
(3992,18)
(3993,18)
(3994,18)
(3995,18)
(3996,18)
(3997,18)
(3998,18)
(3999,18)
(4000,18)
(4001,18)
(4002,18)
(4003,18)
(4004,18)
(4005,18)
(4006,18)
(4007,18)
(4008,18)
(4009,18)
(4010,18)
(4011,18)
(4012,18)
(4013,18)
(4014,18)
(4015,18)
(4016,18)
(4017,18)
(4018,18)
(4019,18)
(4020,18)
(4021,18)
(4022,18)
(4023,18)
(4024,18)
(4025,18)
(4026,18)
(4027,18)
(4028,18)
(4029,18)
(4030,18)
(4031,18)
(4032,18)
(4033,18)
(4034,18)
(4035,17)
(4036,17)
(4037,17)
(4038,17)
(4039,17)
(4040,17)
(4041,17)
(4042,17)
(4043,17)
(4044,17)
(4045,17)
(4046,17)
(4047,17)
(4048,17)
(4049,17)
(4050,17)
(4051,17)
(4052,17)
(4053,17)
(4054,17)
(4055,17)
(4056,17)
(4057,17)
(4058,17)
(4059,17)
(4060,17)
(4061,17)
(4062,17)
(4063,17)
(4064,17)
(4065,17)
(4066,17)
(4067,17)
(4068,17)
(4069,17)
(4070,17)
(4071,17)
(4072,17)
(4073,17)
(4074,17)
(4075,17)
(4076,17)
(4077,17)
(4078,17)
(4079,17)
(4080,17)
(4081,17)
(4082,17)
(4083,17)
(4084,17)
(4085,17)
(4086,17)
(4087,17)
(4088,17)
(4089,17)
(4090,17)
(4091,17)
(4092,17)
(4093,17)
(4094,17)
(4095,17)
(4096,17)
(4097,17)
(4098,17)
(4099,17)
(4100,17)
(4101,17)
(4102,17)
(4103,17)
(4104,17)
(4105,17)
(4106,17)
(4107,17)
(4108,17)
(4109,17)
(4110,17)
(4111,17)
(4112,17)
(4113,17)
(4114,17)
(4115,17)
(4116,17)
(4117,17)
(4118,17)
(4119,17)
(4120,17)
(4121,17)
(4122,17)
(4123,17)
(4124,17)
(4125,17)
(4126,17)
(4127,17)
(4128,17)
(4129,17)
(4130,17)
(4131,17)
(4132,17)
(4133,17)
(4134,17)
(4135,17)
(4136,17)
(4137,17)
(4138,17)
(4139,17)
(4140,17)
(4141,17)
(4142,17)
(4143,17)
(4144,17)
(4145,17)
(4146,17)
(4147,17)
(4148,17)
(4149,17)
(4150,17)
(4151,17)
(4152,17)
(4153,17)
(4154,17)
(4155,17)
(4156,17)
(4157,17)
(4158,17)
(4159,17)
(4160,17)
(4161,17)
(4162,17)
(4163,17)
(4164,17)
(4165,17)
(4166,17)
(4167,17)
(4168,17)
(4169,17)
(4170,17)
(4171,17)
(4172,17)
(4173,17)
(4174,17)
(4175,17)
(4176,17)
(4177,17)
(4178,17)
(4179,17)
(4180,17)
(4181,17)
(4182,17)
(4183,17)
(4184,17)
(4185,17)
(4186,17)
(4187,17)
(4188,17)
(4189,17)
(4190,17)
(4191,17)
(4192,17)
(4193,17)
(4194,17)
(4195,17)
(4196,17)
(4197,17)
(4198,17)
(4199,17)
(4200,17)
(4201,17)
(4202,17)
(4203,17)
(4204,17)
(4205,17)
(4206,17)
(4207,17)
(4208,17)
(4209,17)
(4210,17)
(4211,17)
(4212,17)
(4213,17)
(4214,17)
(4215,17)
(4216,17)
(4217,17)
(4218,17)
(4219,17)
(4220,17)
(4221,17)
(4222,17)
(4223,17)
(4224,17)
(4225,17)
(4226,17)
(4227,17)
(4228,17)
(4229,17)
(4230,17)
(4231,17)
(4232,17)
(4233,17)
(4234,17)
(4235,17)
(4236,17)
(4237,17)
(4238,17)
(4239,17)
(4240,17)
(4241,17)
(4242,17)
(4243,17)
(4244,17)
(4245,17)
(4246,16)
(4247,16)
(4248,16)
(4249,16)
(4250,16)
(4251,16)
(4252,16)
(4253,16)
(4254,16)
(4255,16)
(4256,16)
(4257,16)
(4258,16)
(4259,16)
(4260,16)
(4261,16)
(4262,16)
(4263,16)
(4264,16)
(4265,16)
(4266,16)
(4267,16)
(4268,16)
(4269,16)
(4270,16)
(4271,16)
(4272,16)
(4273,16)
(4274,16)
(4275,16)
(4276,16)
(4277,16)
(4278,16)
(4279,16)
(4280,16)
(4281,16)
(4282,16)
(4283,16)
(4284,16)
(4285,16)
(4286,16)
(4287,16)
(4288,16)
(4289,16)
(4290,16)
(4291,16)
(4292,16)
(4293,16)
(4294,16)
(4295,16)
(4296,16)
(4297,16)
(4298,16)
(4299,16)
(4300,16)
(4301,16)
(4302,16)
(4303,16)
(4304,16)
(4305,16)
(4306,16)
(4307,16)
(4308,16)
(4309,16)
(4310,16)
(4311,16)
(4312,16)
(4313,16)
(4314,16)
(4315,16)
(4316,16)
(4317,16)
(4318,16)
(4319,16)
(4320,16)
(4321,16)
(4322,16)
(4323,16)
(4324,16)
(4325,16)
(4326,16)
(4327,16)
(4328,16)
(4329,16)
(4330,16)
(4331,16)
(4332,16)
(4333,16)
(4334,16)
(4335,16)
(4336,16)
(4337,16)
(4338,16)
(4339,16)
(4340,16)
(4341,16)
(4342,16)
(4343,16)
(4344,16)
(4345,16)
(4346,16)
(4347,16)
(4348,16)
(4349,16)
(4350,16)
(4351,16)
(4352,16)
(4353,16)
(4354,16)
(4355,16)
(4356,16)
(4357,16)
(4358,16)
(4359,16)
(4360,16)
(4361,16)
(4362,16)
(4363,16)
(4364,16)
(4365,16)
(4366,16)
(4367,16)
(4368,16)
(4369,16)
(4370,16)
(4371,16)
(4372,16)
(4373,16)
(4374,16)
(4375,16)
(4376,16)
(4377,16)
(4378,16)
(4379,16)
(4380,16)
(4381,16)
(4382,16)
(4383,16)
(4384,16)
(4385,16)
(4386,16)
(4387,16)
(4388,16)
(4389,16)
(4390,16)
(4391,16)
(4392,16)
(4393,16)
(4394,16)
(4395,16)
(4396,16)
(4397,16)
(4398,16)
(4399,16)
(4400,16)
(4401,16)
(4402,16)
(4403,16)
(4404,16)
(4405,16)
(4406,16)
(4407,16)
(4408,16)
(4409,16)
(4410,16)
(4411,16)
(4412,16)
(4413,16)
(4414,16)
(4415,16)
(4416,16)
(4417,16)
(4418,16)
(4419,16)
(4420,16)
(4421,16)
(4422,16)
(4423,16)
(4424,16)
(4425,16)
(4426,16)
(4427,16)
(4428,16)
(4429,16)
(4430,16)
(4431,16)
(4432,16)
(4433,16)
(4434,16)
(4435,16)
(4436,16)
(4437,16)
(4438,16)
(4439,16)
(4440,16)
(4441,16)
(4442,16)
(4443,16)
(4444,16)
(4445,16)
(4446,16)
(4447,16)
(4448,15)
(4449,15)
(4450,15)
(4451,15)
(4452,15)
(4453,15)
(4454,15)
(4455,15)
(4456,15)
(4457,15)
(4458,15)
(4459,15)
(4460,15)
(4461,15)
(4462,15)
(4463,15)
(4464,15)
(4465,15)
(4466,15)
(4467,15)
(4468,15)
(4469,15)
(4470,15)
(4471,15)
(4472,15)
(4473,15)
(4474,15)
(4475,15)
(4476,15)
(4477,15)
(4478,15)
(4479,15)
(4480,15)
(4481,15)
(4482,15)
(4483,15)
(4484,15)
(4485,15)
(4486,15)
(4487,15)
(4488,15)
(4489,15)
(4490,15)
(4491,15)
(4492,15)
(4493,15)
(4494,15)
(4495,15)
(4496,15)
(4497,15)
(4498,15)
(4499,15)
(4500,15)
(4501,15)
(4502,15)
(4503,15)
(4504,15)
(4505,15)
(4506,15)
(4507,15)
(4508,15)
(4509,15)
(4510,15)
(4511,15)
(4512,15)
(4513,15)
(4514,15)
(4515,15)
(4516,15)
(4517,15)
(4518,15)
(4519,15)
(4520,15)
(4521,15)
(4522,15)
(4523,15)
(4524,15)
(4525,15)
(4526,15)
(4527,15)
(4528,15)
(4529,15)
(4530,15)
(4531,15)
(4532,15)
(4533,15)
(4534,15)
(4535,15)
(4536,15)
(4537,15)
(4538,15)
(4539,15)
(4540,15)
(4541,15)
(4542,15)
(4543,15)
(4544,15)
(4545,15)
(4546,15)
(4547,15)
(4548,15)
(4549,15)
(4550,15)
(4551,15)
(4552,15)
(4553,15)
(4554,15)
(4555,15)
(4556,15)
(4557,15)
(4558,15)
(4559,15)
(4560,15)
(4561,15)
(4562,15)
(4563,15)
(4564,15)
(4565,15)
(4566,15)
(4567,15)
(4568,15)
(4569,15)
(4570,15)
(4571,15)
(4572,15)
(4573,15)
(4574,15)
(4575,15)
(4576,15)
(4577,15)
(4578,15)
(4579,15)
(4580,15)
(4581,15)
(4582,15)
(4583,15)
(4584,15)
(4585,15)
(4586,15)
(4587,15)
(4588,15)
(4589,15)
(4590,15)
(4591,15)
(4592,15)
(4593,15)
(4594,15)
(4595,15)
(4596,15)
(4597,15)
(4598,15)
(4599,15)
(4600,15)
(4601,15)
(4602,15)
(4603,15)
(4604,15)
(4605,15)
(4606,15)
(4607,15)
(4608,15)
(4609,15)
(4610,15)
(4611,15)
(4612,15)
(4613,15)
(4614,15)
(4615,15)
(4616,15)
(4617,15)
(4618,15)
(4619,15)
(4620,15)
(4621,15)
(4622,15)
(4623,15)
(4624,15)
(4625,15)
(4626,15)
(4627,15)
(4628,15)
(4629,15)
(4630,15)
(4631,15)
(4632,15)
(4633,15)
(4634,15)
(4635,15)
(4636,15)
(4637,15)
(4638,15)
(4639,15)
(4640,15)
(4641,15)
(4642,15)
(4643,15)
(4644,15)
(4645,15)
(4646,15)
(4647,15)
(4648,15)
(4649,15)
(4650,15)
(4651,15)
(4652,15)
(4653,15)
(4654,15)
(4655,15)
(4656,15)
(4657,15)
(4658,15)
(4659,15)
(4660,15)
(4661,15)
(4662,15)
(4663,15)
(4664,15)
(4665,15)
(4666,15)
(4667,15)
(4668,15)
(4669,15)
(4670,15)
(4671,15)
(4672,15)
(4673,15)
(4674,15)
(4675,15)
(4676,15)
(4677,15)
(4678,15)
(4679,15)
(4680,15)
(4681,15)
(4682,15)
(4683,15)
(4684,15)
(4685,15)
(4686,15)
(4687,15)
(4688,15)
(4689,15)
(4690,15)
(4691,15)
(4692,15)
(4693,15)
(4694,15)
(4695,15)
(4696,15)
(4697,15)
(4698,15)
(4699,15)
(4700,15)
(4701,15)
(4702,15)
(4703,15)
(4704,15)
(4705,14)
(4706,14)
(4707,14)
(4708,14)
(4709,14)
(4710,14)
(4711,14)
(4712,14)
(4713,14)
(4714,14)
(4715,14)
(4716,14)
(4717,14)
(4718,14)
(4719,14)
(4720,14)
(4721,14)
(4722,14)
(4723,14)
(4724,14)
(4725,14)
(4726,14)
(4727,14)
(4728,14)
(4729,14)
(4730,14)
(4731,14)
(4732,14)
(4733,14)
(4734,14)
(4735,14)
(4736,14)
(4737,14)
(4738,14)
(4739,14)
(4740,14)
(4741,14)
(4742,14)
(4743,14)
(4744,14)
(4745,14)
(4746,14)
(4747,14)
(4748,14)
(4749,14)
(4750,14)
(4751,14)
(4752,14)
(4753,14)
(4754,14)
(4755,14)
(4756,14)
(4757,14)
(4758,14)
(4759,14)
(4760,14)
(4761,14)
(4762,14)
(4763,14)
(4764,14)
(4765,14)
(4766,14)
(4767,14)
(4768,14)
(4769,14)
(4770,14)
(4771,14)
(4772,14)
(4773,14)
(4774,14)
(4775,14)
(4776,14)
(4777,14)
(4778,14)
(4779,14)
(4780,14)
(4781,14)
(4782,14)
(4783,14)
(4784,14)
(4785,14)
(4786,14)
(4787,14)
(4788,14)
(4789,14)
(4790,14)
(4791,14)
(4792,14)
(4793,14)
(4794,14)
(4795,14)
(4796,14)
(4797,14)
(4798,14)
(4799,14)
(4800,14)
(4801,14)
(4802,14)
(4803,14)
(4804,14)
(4805,14)
(4806,14)
(4807,14)
(4808,14)
(4809,14)
(4810,14)
(4811,14)
(4812,14)
(4813,14)
(4814,14)
(4815,14)
(4816,14)
(4817,14)
(4818,14)
(4819,14)
(4820,14)
(4821,14)
(4822,14)
(4823,14)
(4824,14)
(4825,14)
(4826,14)
(4827,14)
(4828,14)
(4829,14)
(4830,14)
(4831,14)
(4832,14)
(4833,14)
(4834,14)
(4835,14)
(4836,14)
(4837,14)
(4838,14)
(4839,14)
(4840,14)
(4841,14)
(4842,14)
(4843,14)
(4844,14)
(4845,14)
(4846,14)
(4847,14)
(4848,14)
(4849,14)
(4850,14)
(4851,14)
(4852,14)
(4853,14)
(4854,14)
(4855,14)
(4856,14)
(4857,14)
(4858,14)
(4859,14)
(4860,14)
(4861,14)
(4862,14)
(4863,14)
(4864,14)
(4865,14)
(4866,14)
(4867,14)
(4868,14)
(4869,14)
(4870,14)
(4871,14)
(4872,14)
(4873,14)
(4874,14)
(4875,14)
(4876,14)
(4877,14)
(4878,14)
(4879,14)
(4880,14)
(4881,14)
(4882,14)
(4883,14)
(4884,14)
(4885,14)
(4886,14)
(4887,14)
(4888,14)
(4889,14)
(4890,14)
(4891,14)
(4892,14)
(4893,14)
(4894,14)
(4895,14)
(4896,14)
(4897,14)
(4898,14)
(4899,14)
(4900,14)
(4901,14)
(4902,14)
(4903,14)
(4904,14)
(4905,14)
(4906,14)
(4907,14)
(4908,14)
(4909,14)
(4910,14)
(4911,14)
(4912,14)
(4913,14)
(4914,14)
(4915,14)
(4916,14)
(4917,14)
(4918,14)
(4919,14)
(4920,14)
(4921,14)
(4922,14)
(4923,14)
(4924,14)
(4925,14)
(4926,14)
(4927,14)
(4928,14)
(4929,14)
(4930,14)
(4931,14)
(4932,14)
(4933,14)
(4934,14)
(4935,14)
(4936,14)
(4937,14)
(4938,14)
(4939,14)
(4940,14)
(4941,14)
(4942,14)
(4943,14)
(4944,14)
(4945,14)
(4946,14)
(4947,14)
(4948,14)
(4949,14)
(4950,14)
(4951,14)
(4952,14)
(4953,14)
(4954,14)
(4955,14)
(4956,14)
(4957,14)
(4958,14)
(4959,13)
(4960,13)
(4961,13)
(4962,13)
(4963,13)
(4964,13)
(4965,13)
(4966,13)
(4967,13)
(4968,13)
(4969,13)
(4970,13)
(4971,13)
(4972,13)
(4973,13)
(4974,13)
(4975,13)
(4976,13)
(4977,13)
(4978,13)
(4979,13)
(4980,13)
(4981,13)
(4982,13)
(4983,13)
(4984,13)
(4985,13)
(4986,13)
(4987,13)
(4988,13)
(4989,13)
(4990,13)
(4991,13)
(4992,13)
(4993,13)
(4994,13)
(4995,13)
(4996,13)
(4997,13)
(4998,13)
(4999,13)
(5000,13)
(5001,13)
(5002,13)
(5003,13)
(5004,13)
(5005,13)
(5006,13)
(5007,13)
(5008,13)
(5009,13)
(5010,13)
(5011,13)
(5012,13)
(5013,13)
(5014,13)
(5015,13)
(5016,13)
(5017,13)
(5018,13)
(5019,13)
(5020,13)
(5021,13)
(5022,13)
(5023,13)
(5024,13)
(5025,13)
(5026,13)
(5027,13)
(5028,13)
(5029,13)
(5030,13)
(5031,13)
(5032,13)
(5033,13)
(5034,13)
(5035,13)
(5036,13)
(5037,13)
(5038,13)
(5039,13)
(5040,13)
(5041,13)
(5042,13)
(5043,13)
(5044,13)
(5045,13)
(5046,13)
(5047,13)
(5048,13)
(5049,13)
(5050,13)
(5051,13)
(5052,13)
(5053,13)
(5054,13)
(5055,13)
(5056,13)
(5057,13)
(5058,13)
(5059,13)
(5060,13)
(5061,13)
(5062,13)
(5063,13)
(5064,13)
(5065,13)
(5066,13)
(5067,13)
(5068,13)
(5069,13)
(5070,13)
(5071,13)
(5072,13)
(5073,13)
(5074,13)
(5075,13)
(5076,13)
(5077,13)
(5078,13)
(5079,13)
(5080,13)
(5081,13)
(5082,13)
(5083,13)
(5084,13)
(5085,13)
(5086,13)
(5087,13)
(5088,13)
(5089,13)
(5090,13)
(5091,13)
(5092,13)
(5093,13)
(5094,13)
(5095,13)
(5096,13)
(5097,13)
(5098,13)
(5099,13)
(5100,13)
(5101,13)
(5102,13)
(5103,13)
(5104,13)
(5105,13)
(5106,13)
(5107,13)
(5108,13)
(5109,13)
(5110,13)
(5111,13)
(5112,13)
(5113,13)
(5114,13)
(5115,13)
(5116,13)
(5117,13)
(5118,13)
(5119,13)
(5120,13)
(5121,13)
(5122,13)
(5123,13)
(5124,13)
(5125,13)
(5126,13)
(5127,13)
(5128,13)
(5129,13)
(5130,13)
(5131,13)
(5132,13)
(5133,13)
(5134,13)
(5135,13)
(5136,13)
(5137,13)
(5138,13)
(5139,13)
(5140,13)
(5141,13)
(5142,13)
(5143,13)
(5144,13)
(5145,13)
(5146,13)
(5147,13)
(5148,13)
(5149,13)
(5150,13)
(5151,13)
(5152,13)
(5153,13)
(5154,13)
(5155,13)
(5156,13)
(5157,13)
(5158,13)
(5159,13)
(5160,13)
(5161,13)
(5162,13)
(5163,13)
(5164,13)
(5165,13)
(5166,13)
(5167,13)
(5168,13)
(5169,13)
(5170,13)
(5171,13)
(5172,13)
(5173,13)
(5174,13)
(5175,13)
(5176,13)
(5177,13)
(5178,13)
(5179,13)
(5180,13)
(5181,13)
(5182,13)
(5183,13)
(5184,13)
(5185,13)
(5186,13)
(5187,13)
(5188,13)
(5189,13)
(5190,13)
(5191,13)
(5192,13)
(5193,13)
(5194,13)
(5195,13)
(5196,13)
(5197,13)
(5198,13)
(5199,13)
(5200,13)
(5201,13)
(5202,13)
(5203,13)
(5204,13)
(5205,13)
(5206,13)
(5207,13)
(5208,13)
(5209,13)
(5210,13)
(5211,13)
(5212,13)
(5213,13)
(5214,13)
(5215,13)
(5216,13)
(5217,13)
(5218,13)
(5219,13)
(5220,13)
(5221,13)
(5222,13)
(5223,13)
(5224,13)
(5225,13)
(5226,13)
(5227,13)
(5228,13)
(5229,13)
(5230,13)
(5231,13)
(5232,13)
(5233,13)
(5234,13)
(5235,13)
(5236,13)
(5237,13)
(5238,13)
(5239,13)
(5240,13)
(5241,13)
(5242,13)
(5243,13)
(5244,13)
(5245,13)
(5246,13)
(5247,13)
(5248,13)
(5249,13)
(5250,13)
(5251,13)
(5252,13)
(5253,13)
(5254,13)
(5255,13)
(5256,13)
(5257,13)
(5258,13)
(5259,13)
(5260,13)
(5261,13)
(5262,13)
(5263,13)
(5264,13)
(5265,13)
(5266,13)
(5267,13)
(5268,13)
(5269,13)
(5270,13)
(5271,13)
(5272,13)
(5273,13)
(5274,13)
(5275,13)
(5276,13)
(5277,13)
(5278,12)
(5279,12)
(5280,12)
(5281,12)
(5282,12)
(5283,12)
(5284,12)
(5285,12)
(5286,12)
(5287,12)
(5288,12)
(5289,12)
(5290,12)
(5291,12)
(5292,12)
(5293,12)
(5294,12)
(5295,12)
(5296,12)
(5297,12)
(5298,12)
(5299,12)
(5300,12)
(5301,12)
(5302,12)
(5303,12)
(5304,12)
(5305,12)
(5306,12)
(5307,12)
(5308,12)
(5309,12)
(5310,12)
(5311,12)
(5312,12)
(5313,12)
(5314,12)
(5315,12)
(5316,12)
(5317,12)
(5318,12)
(5319,12)
(5320,12)
(5321,12)
(5322,12)
(5323,12)
(5324,12)
(5325,12)
(5326,12)
(5327,12)
(5328,12)
(5329,12)
(5330,12)
(5331,12)
(5332,12)
(5333,12)
(5334,12)
(5335,12)
(5336,12)
(5337,12)
(5338,12)
(5339,12)
(5340,12)
(5341,12)
(5342,12)
(5343,12)
(5344,12)
(5345,12)
(5346,12)
(5347,12)
(5348,12)
(5349,12)
(5350,12)
(5351,12)
(5352,12)
(5353,12)
(5354,12)
(5355,12)
(5356,12)
(5357,12)
(5358,12)
(5359,12)
(5360,12)
(5361,12)
(5362,12)
(5363,12)
(5364,12)
(5365,12)
(5366,12)
(5367,12)
(5368,12)
(5369,12)
(5370,12)
(5371,12)
(5372,12)
(5373,12)
(5374,12)
(5375,12)
(5376,12)
(5377,12)
(5378,12)
(5379,12)
(5380,12)
(5381,12)
(5382,12)
(5383,12)
(5384,12)
(5385,12)
(5386,12)
(5387,12)
(5388,12)
(5389,12)
(5390,12)
(5391,12)
(5392,12)
(5393,12)
(5394,12)
(5395,12)
(5396,12)
(5397,12)
(5398,12)
(5399,12)
(5400,12)
(5401,12)
(5402,12)
(5403,12)
(5404,12)
(5405,12)
(5406,12)
(5407,12)
(5408,12)
(5409,12)
(5410,12)
(5411,12)
(5412,12)
(5413,12)
(5414,12)
(5415,12)
(5416,12)
(5417,12)
(5418,12)
(5419,12)
(5420,12)
(5421,12)
(5422,12)
(5423,12)
(5424,12)
(5425,12)
(5426,12)
(5427,12)
(5428,12)
(5429,12)
(5430,12)
(5431,12)
(5432,12)
(5433,12)
(5434,12)
(5435,12)
(5436,12)
(5437,12)
(5438,12)
(5439,12)
(5440,12)
(5441,12)
(5442,12)
(5443,12)
(5444,12)
(5445,12)
(5446,12)
(5447,12)
(5448,12)
(5449,12)
(5450,12)
(5451,12)
(5452,12)
(5453,12)
(5454,12)
(5455,12)
(5456,12)
(5457,12)
(5458,12)
(5459,12)
(5460,12)
(5461,12)
(5462,12)
(5463,12)
(5464,12)
(5465,12)
(5466,12)
(5467,12)
(5468,12)
(5469,12)
(5470,12)
(5471,12)
(5472,12)
(5473,12)
(5474,12)
(5475,12)
(5476,12)
(5477,12)
(5478,12)
(5479,12)
(5480,12)
(5481,12)
(5482,12)
(5483,12)
(5484,12)
(5485,12)
(5486,12)
(5487,12)
(5488,12)
(5489,12)
(5490,12)
(5491,12)
(5492,12)
(5493,12)
(5494,12)
(5495,12)
(5496,12)
(5497,12)
(5498,12)
(5499,12)
(5500,12)
(5501,12)
(5502,12)
(5503,12)
(5504,12)
(5505,12)
(5506,12)
(5507,12)
(5508,12)
(5509,12)
(5510,12)
(5511,12)
(5512,12)
(5513,12)
(5514,12)
(5515,12)
(5516,12)
(5517,12)
(5518,12)
(5519,12)
(5520,12)
(5521,12)
(5522,12)
(5523,12)
(5524,12)
(5525,12)
(5526,12)
(5527,12)
(5528,12)
(5529,12)
(5530,12)
(5531,12)
(5532,12)
(5533,12)
(5534,12)
(5535,12)
(5536,12)
(5537,12)
(5538,12)
(5539,12)
(5540,12)
(5541,12)
(5542,12)
(5543,12)
(5544,12)
(5545,12)
(5546,12)
(5547,12)
(5548,12)
(5549,12)
(5550,12)
(5551,12)
(5552,12)
(5553,12)
(5554,12)
(5555,12)
(5556,12)
(5557,12)
(5558,12)
(5559,12)
(5560,12)
(5561,12)
(5562,12)
(5563,12)
(5564,12)
(5565,12)
(5566,12)
(5567,12)
(5568,12)
(5569,12)
(5570,12)
(5571,12)
(5572,12)
(5573,12)
(5574,12)
(5575,12)
(5576,12)
(5577,12)
(5578,12)
(5579,12)
(5580,12)
(5581,12)
(5582,12)
(5583,12)
(5584,12)
(5585,12)
(5586,12)
(5587,12)
(5588,12)
(5589,12)
(5590,12)
(5591,12)
(5592,12)
(5593,12)
(5594,12)
(5595,12)
(5596,12)
(5597,12)
(5598,12)
(5599,12)
(5600,12)
(5601,12)
(5602,12)
(5603,12)
(5604,12)
(5605,12)
(5606,12)
(5607,12)
(5608,12)
(5609,12)
(5610,12)
(5611,12)
(5612,12)
(5613,12)
(5614,12)
(5615,12)
(5616,12)
(5617,12)
(5618,12)
(5619,12)
(5620,12)
(5621,12)
(5622,12)
(5623,12)
(5624,12)
(5625,11)
(5626,11)
(5627,11)
(5628,11)
(5629,11)
(5630,11)
(5631,11)
(5632,11)
(5633,11)
(5634,11)
(5635,11)
(5636,11)
(5637,11)
(5638,11)
(5639,11)
(5640,11)
(5641,11)
(5642,11)
(5643,11)
(5644,11)
(5645,11)
(5646,11)
(5647,11)
(5648,11)
(5649,11)
(5650,11)
(5651,11)
(5652,11)
(5653,11)
(5654,11)
(5655,11)
(5656,11)
(5657,11)
(5658,11)
(5659,11)
(5660,11)
(5661,11)
(5662,11)
(5663,11)
(5664,11)
(5665,11)
(5666,11)
(5667,11)
(5668,11)
(5669,11)
(5670,11)
(5671,11)
(5672,11)
(5673,11)
(5674,11)
(5675,11)
(5676,11)
(5677,11)
(5678,11)
(5679,11)
(5680,11)
(5681,11)
(5682,11)
(5683,11)
(5684,11)
(5685,11)
(5686,11)
(5687,11)
(5688,11)
(5689,11)
(5690,11)
(5691,11)
(5692,11)
(5693,11)
(5694,11)
(5695,11)
(5696,11)
(5697,11)
(5698,11)
(5699,11)
(5700,11)
(5701,11)
(5702,11)
(5703,11)
(5704,11)
(5705,11)
(5706,11)
(5707,11)
(5708,11)
(5709,11)
(5710,11)
(5711,11)
(5712,11)
(5713,11)
(5714,11)
(5715,11)
(5716,11)
(5717,11)
(5718,11)
(5719,11)
(5720,11)
(5721,11)
(5722,11)
(5723,11)
(5724,11)
(5725,11)
(5726,11)
(5727,11)
(5728,11)
(5729,11)
(5730,11)
(5731,11)
(5732,11)
(5733,11)
(5734,11)
(5735,11)
(5736,11)
(5737,11)
(5738,11)
(5739,11)
(5740,11)
(5741,11)
(5742,11)
(5743,11)
(5744,11)
(5745,11)
(5746,11)
(5747,11)
(5748,11)
(5749,11)
(5750,11)
(5751,11)
(5752,11)
(5753,11)
(5754,11)
(5755,11)
(5756,11)
(5757,11)
(5758,11)
(5759,11)
(5760,11)
(5761,11)
(5762,11)
(5763,11)
(5764,11)
(5765,11)
(5766,11)
(5767,11)
(5768,11)
(5769,11)
(5770,11)
(5771,11)
(5772,11)
(5773,11)
(5774,11)
(5775,11)
(5776,11)
(5777,11)
(5778,11)
(5779,11)
(5780,11)
(5781,11)
(5782,11)
(5783,11)
(5784,11)
(5785,11)
(5786,11)
(5787,11)
(5788,11)
(5789,11)
(5790,11)
(5791,11)
(5792,11)
(5793,11)
(5794,11)
(5795,11)
(5796,11)
(5797,11)
(5798,11)
(5799,11)
(5800,11)
(5801,11)
(5802,11)
(5803,11)
(5804,11)
(5805,11)
(5806,11)
(5807,11)
(5808,11)
(5809,11)
(5810,11)
(5811,11)
(5812,11)
(5813,11)
(5814,11)
(5815,11)
(5816,11)
(5817,11)
(5818,11)
(5819,11)
(5820,11)
(5821,11)
(5822,11)
(5823,11)
(5824,11)
(5825,11)
(5826,11)
(5827,11)
(5828,11)
(5829,11)
(5830,11)
(5831,11)
(5832,11)
(5833,11)
(5834,11)
(5835,11)
(5836,11)
(5837,11)
(5838,11)
(5839,11)
(5840,11)
(5841,11)
(5842,11)
(5843,11)
(5844,11)
(5845,11)
(5846,11)
(5847,11)
(5848,11)
(5849,11)
(5850,11)
(5851,11)
(5852,11)
(5853,11)
(5854,11)
(5855,11)
(5856,11)
(5857,11)
(5858,11)
(5859,11)
(5860,11)
(5861,11)
(5862,11)
(5863,11)
(5864,11)
(5865,11)
(5866,11)
(5867,11)
(5868,11)
(5869,11)
(5870,11)
(5871,11)
(5872,11)
(5873,11)
(5874,11)
(5875,11)
(5876,11)
(5877,11)
(5878,11)
(5879,11)
(5880,11)
(5881,11)
(5882,11)
(5883,11)
(5884,11)
(5885,11)
(5886,11)
(5887,11)
(5888,11)
(5889,11)
(5890,11)
(5891,11)
(5892,11)
(5893,11)
(5894,11)
(5895,11)
(5896,11)
(5897,11)
(5898,11)
(5899,11)
(5900,11)
(5901,11)
(5902,11)
(5903,11)
(5904,11)
(5905,11)
(5906,11)
(5907,11)
(5908,11)
(5909,11)
(5910,11)
(5911,11)
(5912,11)
(5913,11)
(5914,11)
(5915,11)
(5916,11)
(5917,11)
(5918,11)
(5919,11)
(5920,11)
(5921,11)
(5922,11)
(5923,11)
(5924,11)
(5925,11)
(5926,11)
(5927,11)
(5928,11)
(5929,11)
(5930,11)
(5931,11)
(5932,11)
(5933,11)
(5934,11)
(5935,11)
(5936,11)
(5937,11)
(5938,11)
(5939,11)
(5940,11)
(5941,11)
(5942,11)
(5943,11)
(5944,11)
(5945,11)
(5946,11)
(5947,11)
(5948,11)
(5949,11)
(5950,11)
(5951,11)
(5952,11)
(5953,11)
(5954,11)
(5955,11)
(5956,11)
(5957,11)
(5958,11)
(5959,11)
(5960,11)
(5961,11)
(5962,11)
(5963,11)
(5964,11)
(5965,11)
(5966,11)
(5967,11)
(5968,11)
(5969,11)
(5970,11)
(5971,11)
(5972,11)
(5973,11)
(5974,11)
(5975,11)
(5976,11)
(5977,11)
(5978,11)
(5979,11)
(5980,11)
(5981,11)
(5982,11)
(5983,11)
(5984,11)
(5985,11)
(5986,11)
(5987,11)
(5988,11)
(5989,11)
(5990,11)
(5991,11)
(5992,11)
(5993,11)
(5994,11)
(5995,11)
(5996,11)
(5997,11)
(5998,11)
(5999,11)
(6000,11)
(6001,11)
(6002,11)
(6003,11)
(6004,11)
(6005,11)
(6006,11)
(6007,11)
(6008,11)
(6009,11)
(6010,11)
(6011,11)
(6012,11)
(6013,11)
(6014,11)
(6015,11)
(6016,11)
(6017,11)
(6018,11)
(6019,11)
(6020,11)
(6021,11)
(6022,11)
(6023,11)
(6024,11)
(6025,11)
(6026,11)
(6027,11)
(6028,11)
(6029,11)
(6030,11)
(6031,11)
(6032,11)
(6033,11)
(6034,11)
(6035,11)
(6036,11)
(6037,11)
(6038,11)
(6039,11)
(6040,11)
(6041,11)
(6042,11)
(6043,11)
(6044,11)
(6045,11)
(6046,11)
(6047,10)
(6048,10)
(6049,10)
(6050,10)
(6051,10)
(6052,10)
(6053,10)
(6054,10)
(6055,10)
(6056,10)
(6057,10)
(6058,10)
(6059,10)
(6060,10)
(6061,10)
(6062,10)
(6063,10)
(6064,10)
(6065,10)
(6066,10)
(6067,10)
(6068,10)
(6069,10)
(6070,10)
(6071,10)
(6072,10)
(6073,10)
(6074,10)
(6075,10)
(6076,10)
(6077,10)
(6078,10)
(6079,10)
(6080,10)
(6081,10)
(6082,10)
(6083,10)
(6084,10)
(6085,10)
(6086,10)
(6087,10)
(6088,10)
(6089,10)
(6090,10)
(6091,10)
(6092,10)
(6093,10)
(6094,10)
(6095,10)
(6096,10)
(6097,10)
(6098,10)
(6099,10)
(6100,10)
(6101,10)
(6102,10)
(6103,10)
(6104,10)
(6105,10)
(6106,10)
(6107,10)
(6108,10)
(6109,10)
(6110,10)
(6111,10)
(6112,10)
(6113,10)
(6114,10)
(6115,10)
(6116,10)
(6117,10)
(6118,10)
(6119,10)
(6120,10)
(6121,10)
(6122,10)
(6123,10)
(6124,10)
(6125,10)
(6126,10)
(6127,10)
(6128,10)
(6129,10)
(6130,10)
(6131,10)
(6132,10)
(6133,10)
(6134,10)
(6135,10)
(6136,10)
(6137,10)
(6138,10)
(6139,10)
(6140,10)
(6141,10)
(6142,10)
(6143,10)
(6144,10)
(6145,10)
(6146,10)
(6147,10)
(6148,10)
(6149,10)
(6150,10)
(6151,10)
(6152,10)
(6153,10)
(6154,10)
(6155,10)
(6156,10)
(6157,10)
(6158,10)
(6159,10)
(6160,10)
(6161,10)
(6162,10)
(6163,10)
(6164,10)
(6165,10)
(6166,10)
(6167,10)
(6168,10)
(6169,10)
(6170,10)
(6171,10)
(6172,10)
(6173,10)
(6174,10)
(6175,10)
(6176,10)
(6177,10)
(6178,10)
(6179,10)
(6180,10)
(6181,10)
(6182,10)
(6183,10)
(6184,10)
(6185,10)
(6186,10)
(6187,10)
(6188,10)
(6189,10)
(6190,10)
(6191,10)
(6192,10)
(6193,10)
(6194,10)
(6195,10)
(6196,10)
(6197,10)
(6198,10)
(6199,10)
(6200,10)
(6201,10)
(6202,10)
(6203,10)
(6204,10)
(6205,10)
(6206,10)
(6207,10)
(6208,10)
(6209,10)
(6210,10)
(6211,10)
(6212,10)
(6213,10)
(6214,10)
(6215,10)
(6216,10)
(6217,10)
(6218,10)
(6219,10)
(6220,10)
(6221,10)
(6222,10)
(6223,10)
(6224,10)
(6225,10)
(6226,10)
(6227,10)
(6228,10)
(6229,10)
(6230,10)
(6231,10)
(6232,10)
(6233,10)
(6234,10)
(6235,10)
(6236,10)
(6237,10)
(6238,10)
(6239,10)
(6240,10)
(6241,10)
(6242,10)
(6243,10)
(6244,10)
(6245,10)
(6246,10)
(6247,10)
(6248,10)
(6249,10)
(6250,10)
(6251,10)
(6252,10)
(6253,10)
(6254,10)
(6255,10)
(6256,10)
(6257,10)
(6258,10)
(6259,10)
(6260,10)
(6261,10)
(6262,10)
(6263,10)
(6264,10)
(6265,10)
(6266,10)
(6267,10)
(6268,10)
(6269,10)
(6270,10)
(6271,10)
(6272,10)
(6273,10)
(6274,10)
(6275,10)
(6276,10)
(6277,10)
(6278,10)
(6279,10)
(6280,10)
(6281,10)
(6282,10)
(6283,10)
(6284,10)
(6285,10)
(6286,10)
(6287,10)
(6288,10)
(6289,10)
(6290,10)
(6291,10)
(6292,10)
(6293,10)
(6294,10)
(6295,10)
(6296,10)
(6297,10)
(6298,10)
(6299,10)
(6300,10)
(6301,10)
(6302,10)
(6303,10)
(6304,10)
(6305,10)
(6306,10)
(6307,10)
(6308,10)
(6309,10)
(6310,10)
(6311,10)
(6312,10)
(6313,10)
(6314,10)
(6315,10)
(6316,10)
(6317,10)
(6318,10)
(6319,10)
(6320,10)
(6321,10)
(6322,10)
(6323,10)
(6324,10)
(6325,10)
(6326,10)
(6327,10)
(6328,10)
(6329,10)
(6330,10)
(6331,10)
(6332,10)
(6333,10)
(6334,10)
(6335,10)
(6336,10)
(6337,10)
(6338,10)
(6339,10)
(6340,10)
(6341,10)
(6342,10)
(6343,10)
(6344,10)
(6345,10)
(6346,10)
(6347,10)
(6348,10)
(6349,10)
(6350,10)
(6351,10)
(6352,10)
(6353,10)
(6354,10)
(6355,10)
(6356,10)
(6357,10)
(6358,10)
(6359,10)
(6360,10)
(6361,10)
(6362,10)
(6363,10)
(6364,10)
(6365,10)
(6366,10)
(6367,10)
(6368,10)
(6369,10)
(6370,10)
(6371,10)
(6372,10)
(6373,10)
(6374,10)
(6375,10)
(6376,10)
(6377,10)
(6378,10)
(6379,10)
(6380,10)
(6381,10)
(6382,10)
(6383,10)
(6384,10)
(6385,10)
(6386,10)
(6387,10)
(6388,10)
(6389,10)
(6390,10)
(6391,10)
(6392,10)
(6393,10)
(6394,10)
(6395,10)
(6396,10)
(6397,10)
(6398,10)
(6399,10)
(6400,10)
(6401,10)
(6402,10)
(6403,10)
(6404,10)
(6405,10)
(6406,10)
(6407,10)
(6408,10)
(6409,10)
(6410,10)
(6411,10)
(6412,10)
(6413,10)
(6414,10)
(6415,10)
(6416,10)
(6417,10)
(6418,10)
(6419,10)
(6420,10)
(6421,10)
(6422,10)
(6423,10)
(6424,10)
(6425,10)
(6426,10)
(6427,10)
(6428,10)
(6429,10)
(6430,10)
(6431,10)
(6432,10)
(6433,10)
(6434,10)
(6435,10)
(6436,10)
(6437,10)
(6438,10)
(6439,10)
(6440,10)
(6441,10)
(6442,10)
(6443,10)
(6444,10)
(6445,10)
(6446,10)
(6447,10)
(6448,10)
(6449,10)
(6450,10)
(6451,10)
(6452,10)
(6453,10)
(6454,10)
(6455,10)
(6456,10)
(6457,10)
(6458,10)
(6459,10)
(6460,10)
(6461,10)
(6462,10)
(6463,10)
(6464,10)
(6465,10)
(6466,10)
(6467,10)
(6468,10)
(6469,10)
(6470,10)
(6471,10)
(6472,10)
(6473,10)
(6474,10)
(6475,10)
(6476,10)
(6477,10)
(6478,10)
(6479,10)
(6480,10)
(6481,10)
(6482,10)
(6483,10)
(6484,10)
(6485,10)
(6486,10)
(6487,10)
(6488,10)
(6489,10)
(6490,10)
(6491,10)
(6492,10)
(6493,10)
(6494,10)
(6495,10)
(6496,10)
(6497,10)
(6498,10)
(6499,10)
(6500,10)
(6501,9)
(6502,9)
(6503,9)
(6504,9)
(6505,9)
(6506,9)
(6507,9)
(6508,9)
(6509,9)
(6510,9)
(6511,9)
(6512,9)
(6513,9)
(6514,9)
(6515,9)
(6516,9)
(6517,9)
(6518,9)
(6519,9)
(6520,9)
(6521,9)
(6522,9)
(6523,9)
(6524,9)
(6525,9)
(6526,9)
(6527,9)
(6528,9)
(6529,9)
(6530,9)
(6531,9)
(6532,9)
(6533,9)
(6534,9)
(6535,9)
(6536,9)
(6537,9)
(6538,9)
(6539,9)
(6540,9)
(6541,9)
(6542,9)
(6543,9)
(6544,9)
(6545,9)
(6546,9)
(6547,9)
(6548,9)
(6549,9)
(6550,9)
(6551,9)
(6552,9)
(6553,9)
(6554,9)
(6555,9)
(6556,9)
(6557,9)
(6558,9)
(6559,9)
(6560,9)
(6561,9)
(6562,9)
(6563,9)
(6564,9)
(6565,9)
(6566,9)
(6567,9)
(6568,9)
(6569,9)
(6570,9)
(6571,9)
(6572,9)
(6573,9)
(6574,9)
(6575,9)
(6576,9)
(6577,9)
(6578,9)
(6579,9)
(6580,9)
(6581,9)
(6582,9)
(6583,9)
(6584,9)
(6585,9)
(6586,9)
(6587,9)
(6588,9)
(6589,9)
(6590,9)
(6591,9)
(6592,9)
(6593,9)
(6594,9)
(6595,9)
(6596,9)
(6597,9)
(6598,9)
(6599,9)
(6600,9)
(6601,9)
(6602,9)
(6603,9)
(6604,9)
(6605,9)
(6606,9)
(6607,9)
(6608,9)
(6609,9)
(6610,9)
(6611,9)
(6612,9)
(6613,9)
(6614,9)
(6615,9)
(6616,9)
(6617,9)
(6618,9)
(6619,9)
(6620,9)
(6621,9)
(6622,9)
(6623,9)
(6624,9)
(6625,9)
(6626,9)
(6627,9)
(6628,9)
(6629,9)
(6630,9)
(6631,9)
(6632,9)
(6633,9)
(6634,9)
(6635,9)
(6636,9)
(6637,9)
(6638,9)
(6639,9)
(6640,9)
(6641,9)
(6642,9)
(6643,9)
(6644,9)
(6645,9)
(6646,9)
(6647,9)
(6648,9)
(6649,9)
(6650,9)
(6651,9)
(6652,9)
(6653,9)
(6654,9)
(6655,9)
(6656,9)
(6657,9)
(6658,9)
(6659,9)
(6660,9)
(6661,9)
(6662,9)
(6663,9)
(6664,9)
(6665,9)
(6666,9)
(6667,9)
(6668,9)
(6669,9)
(6670,9)
(6671,9)
(6672,9)
(6673,9)
(6674,9)
(6675,9)
(6676,9)
(6677,9)
(6678,9)
(6679,9)
(6680,9)
(6681,9)
(6682,9)
(6683,9)
(6684,9)
(6685,9)
(6686,9)
(6687,9)
(6688,9)
(6689,9)
(6690,9)
(6691,9)
(6692,9)
(6693,9)
(6694,9)
(6695,9)
(6696,9)
(6697,9)
(6698,9)
(6699,9)
(6700,9)
(6701,9)
(6702,9)
(6703,9)
(6704,9)
(6705,9)
(6706,9)
(6707,9)
(6708,9)
(6709,9)
(6710,9)
(6711,9)
(6712,9)
(6713,9)
(6714,9)
(6715,9)
(6716,9)
(6717,9)
(6718,9)
(6719,9)
(6720,9)
(6721,9)
(6722,9)
(6723,9)
(6724,9)
(6725,9)
(6726,9)
(6727,9)
(6728,9)
(6729,9)
(6730,9)
(6731,9)
(6732,9)
(6733,9)
(6734,9)
(6735,9)
(6736,9)
(6737,9)
(6738,9)
(6739,9)
(6740,9)
(6741,9)
(6742,9)
(6743,9)
(6744,9)
(6745,9)
(6746,9)
(6747,9)
(6748,9)
(6749,9)
(6750,9)
(6751,9)
(6752,9)
(6753,9)
(6754,9)
(6755,9)
(6756,9)
(6757,9)
(6758,9)
(6759,9)
(6760,9)
(6761,9)
(6762,9)
(6763,9)
(6764,9)
(6765,9)
(6766,9)
(6767,9)
(6768,9)
(6769,9)
(6770,9)
(6771,9)
(6772,9)
(6773,9)
(6774,9)
(6775,9)
(6776,9)
(6777,9)
(6778,9)
(6779,9)
(6780,9)
(6781,9)
(6782,9)
(6783,9)
(6784,9)
(6785,9)
(6786,9)
(6787,9)
(6788,9)
(6789,9)
(6790,9)
(6791,9)
(6792,9)
(6793,9)
(6794,9)
(6795,9)
(6796,9)
(6797,9)
(6798,9)
(6799,9)
(6800,9)
(6801,9)
(6802,9)
(6803,9)
(6804,9)
(6805,9)
(6806,9)
(6807,9)
(6808,9)
(6809,9)
(6810,9)
(6811,9)
(6812,9)
(6813,9)
(6814,9)
(6815,9)
(6816,9)
(6817,9)
(6818,9)
(6819,9)
(6820,9)
(6821,9)
(6822,9)
(6823,9)
(6824,9)
(6825,9)
(6826,9)
(6827,9)
(6828,9)
(6829,9)
(6830,9)
(6831,9)
(6832,9)
(6833,9)
(6834,9)
(6835,9)
(6836,9)
(6837,9)
(6838,9)
(6839,9)
(6840,9)
(6841,9)
(6842,9)
(6843,9)
(6844,9)
(6845,9)
(6846,9)
(6847,9)
(6848,9)
(6849,9)
(6850,9)
(6851,9)
(6852,9)
(6853,9)
(6854,9)
(6855,9)
(6856,9)
(6857,9)
(6858,9)
(6859,9)
(6860,9)
(6861,9)
(6862,9)
(6863,9)
(6864,9)
(6865,9)
(6866,9)
(6867,9)
(6868,9)
(6869,9)
(6870,9)
(6871,9)
(6872,9)
(6873,9)
(6874,9)
(6875,9)
(6876,9)
(6877,9)
(6878,9)
(6879,9)
(6880,9)
(6881,9)
(6882,9)
(6883,9)
(6884,9)
(6885,9)
(6886,9)
(6887,9)
(6888,9)
(6889,9)
(6890,9)
(6891,9)
(6892,9)
(6893,9)
(6894,9)
(6895,9)
(6896,9)
(6897,9)
(6898,9)
(6899,9)
(6900,9)
(6901,9)
(6902,9)
(6903,9)
(6904,9)
(6905,9)
(6906,9)
(6907,9)
(6908,9)
(6909,9)
(6910,9)
(6911,9)
(6912,9)
(6913,9)
(6914,9)
(6915,9)
(6916,9)
(6917,9)
(6918,9)
(6919,9)
(6920,9)
(6921,9)
(6922,9)
(6923,9)
(6924,9)
(6925,9)
(6926,9)
(6927,9)
(6928,9)
(6929,9)
(6930,9)
(6931,9)
(6932,9)
(6933,9)
(6934,9)
(6935,9)
(6936,9)
(6937,9)
(6938,9)
(6939,9)
(6940,9)
(6941,9)
(6942,9)
(6943,9)
(6944,9)
(6945,9)
(6946,9)
(6947,9)
(6948,9)
(6949,9)
(6950,9)
(6951,9)
(6952,9)
(6953,9)
(6954,9)
(6955,9)
(6956,9)
(6957,9)
(6958,9)
(6959,9)
(6960,9)
(6961,9)
(6962,9)
(6963,9)
(6964,9)
(6965,9)
(6966,9)
(6967,9)
(6968,9)
(6969,9)
(6970,9)
(6971,9)
(6972,9)
(6973,9)
(6974,9)
(6975,9)
(6976,9)
(6977,9)
(6978,9)
(6979,9)
(6980,9)
(6981,9)
(6982,9)
(6983,9)
(6984,9)
(6985,9)
(6986,9)
(6987,9)
(6988,9)
(6989,9)
(6990,9)
(6991,9)
(6992,9)
(6993,9)
(6994,9)
(6995,9)
(6996,9)
(6997,9)
(6998,9)
(6999,9)
(7000,9)
(7001,9)
(7002,9)
(7003,9)
(7004,9)
(7005,9)
(7006,9)
(7007,9)
(7008,9)
(7009,9)
(7010,9)
(7011,9)
(7012,9)
(7013,9)
(7014,9)
(7015,9)
(7016,9)
(7017,9)
(7018,9)
(7019,9)
(7020,9)
(7021,9)
(7022,9)
(7023,9)
(7024,9)
(7025,9)
(7026,9)
(7027,9)
(7028,9)
(7029,9)
(7030,9)
(7031,9)
(7032,9)
(7033,8)
(7034,8)
(7035,8)
(7036,8)
(7037,8)
(7038,8)
(7039,8)
(7040,8)
(7041,8)
(7042,8)
(7043,8)
(7044,8)
(7045,8)
(7046,8)
(7047,8)
(7048,8)
(7049,8)
(7050,8)
(7051,8)
(7052,8)
(7053,8)
(7054,8)
(7055,8)
(7056,8)
(7057,8)
(7058,8)
(7059,8)
(7060,8)
(7061,8)
(7062,8)
(7063,8)
(7064,8)
(7065,8)
(7066,8)
(7067,8)
(7068,8)
(7069,8)
(7070,8)
(7071,8)
(7072,8)
(7073,8)
(7074,8)
(7075,8)
(7076,8)
(7077,8)
(7078,8)
(7079,8)
(7080,8)
(7081,8)
(7082,8)
(7083,8)
(7084,8)
(7085,8)
(7086,8)
(7087,8)
(7088,8)
(7089,8)
(7090,8)
(7091,8)
(7092,8)
(7093,8)
(7094,8)
(7095,8)
(7096,8)
(7097,8)
(7098,8)
(7099,8)
(7100,8)
(7101,8)
(7102,8)
(7103,8)
(7104,8)
(7105,8)
(7106,8)
(7107,8)
(7108,8)
(7109,8)
(7110,8)
(7111,8)
(7112,8)
(7113,8)
(7114,8)
(7115,8)
(7116,8)
(7117,8)
(7118,8)
(7119,8)
(7120,8)
(7121,8)
(7122,8)
(7123,8)
(7124,8)
(7125,8)
(7126,8)
(7127,8)
(7128,8)
(7129,8)
(7130,8)
(7131,8)
(7132,8)
(7133,8)
(7134,8)
(7135,8)
(7136,8)
(7137,8)
(7138,8)
(7139,8)
(7140,8)
(7141,8)
(7142,8)
(7143,8)
(7144,8)
(7145,8)
(7146,8)
(7147,8)
(7148,8)
(7149,8)
(7150,8)
(7151,8)
(7152,8)
(7153,8)
(7154,8)
(7155,8)
(7156,8)
(7157,8)
(7158,8)
(7159,8)
(7160,8)
(7161,8)
(7162,8)
(7163,8)
(7164,8)
(7165,8)
(7166,8)
(7167,8)
(7168,8)
(7169,8)
(7170,8)
(7171,8)
(7172,8)
(7173,8)
(7174,8)
(7175,8)
(7176,8)
(7177,8)
(7178,8)
(7179,8)
(7180,8)
(7181,8)
(7182,8)
(7183,8)
(7184,8)
(7185,8)
(7186,8)
(7187,8)
(7188,8)
(7189,8)
(7190,8)
(7191,8)
(7192,8)
(7193,8)
(7194,8)
(7195,8)
(7196,8)
(7197,8)
(7198,8)
(7199,8)
(7200,8)
(7201,8)
(7202,8)
(7203,8)
(7204,8)
(7205,8)
(7206,8)
(7207,8)
(7208,8)
(7209,8)
(7210,8)
(7211,8)
(7212,8)
(7213,8)
(7214,8)
(7215,8)
(7216,8)
(7217,8)
(7218,8)
(7219,8)
(7220,8)
(7221,8)
(7222,8)
(7223,8)
(7224,8)
(7225,8)
(7226,8)
(7227,8)
(7228,8)
(7229,8)
(7230,8)
(7231,8)
(7232,8)
(7233,8)
(7234,8)
(7235,8)
(7236,8)
(7237,8)
(7238,8)
(7239,8)
(7240,8)
(7241,8)
(7242,8)
(7243,8)
(7244,8)
(7245,8)
(7246,8)
(7247,8)
(7248,8)
(7249,8)
(7250,8)
(7251,8)
(7252,8)
(7253,8)
(7254,8)
(7255,8)
(7256,8)
(7257,8)
(7258,8)
(7259,8)
(7260,8)
(7261,8)
(7262,8)
(7263,8)
(7264,8)
(7265,8)
(7266,8)
(7267,8)
(7268,8)
(7269,8)
(7270,8)
(7271,8)
(7272,8)
(7273,8)
(7274,8)
(7275,8)
(7276,8)
(7277,8)
(7278,8)
(7279,8)
(7280,8)
(7281,8)
(7282,8)
(7283,8)
(7284,8)
(7285,8)
(7286,8)
(7287,8)
(7288,8)
(7289,8)
(7290,8)
(7291,8)
(7292,8)
(7293,8)
(7294,8)
(7295,8)
(7296,8)
(7297,8)
(7298,8)
(7299,8)
(7300,8)
(7301,8)
(7302,8)
(7303,8)
(7304,8)
(7305,8)
(7306,8)
(7307,8)
(7308,8)
(7309,8)
(7310,8)
(7311,8)
(7312,8)
(7313,8)
(7314,8)
(7315,8)
(7316,8)
(7317,8)
(7318,8)
(7319,8)
(7320,8)
(7321,8)
(7322,8)
(7323,8)
(7324,8)
(7325,8)
(7326,8)
(7327,8)
(7328,8)
(7329,8)
(7330,8)
(7331,8)
(7332,8)
(7333,8)
(7334,8)
(7335,8)
(7336,8)
(7337,8)
(7338,8)
(7339,8)
(7340,8)
(7341,8)
(7342,8)
(7343,8)
(7344,8)
(7345,8)
(7346,8)
(7347,8)
(7348,8)
(7349,8)
(7350,8)
(7351,8)
(7352,8)
(7353,8)
(7354,8)
(7355,8)
(7356,8)
(7357,8)
(7358,8)
(7359,8)
(7360,8)
(7361,8)
(7362,8)
(7363,8)
(7364,8)
(7365,8)
(7366,8)
(7367,8)
(7368,8)
(7369,8)
(7370,8)
(7371,8)
(7372,8)
(7373,8)
(7374,8)
(7375,8)
(7376,8)
(7377,8)
(7378,8)
(7379,8)
(7380,8)
(7381,8)
(7382,8)
(7383,8)
(7384,8)
(7385,8)
(7386,8)
(7387,8)
(7388,8)
(7389,8)
(7390,8)
(7391,8)
(7392,8)
(7393,8)
(7394,8)
(7395,8)
(7396,8)
(7397,8)
(7398,8)
(7399,8)
(7400,8)
(7401,8)
(7402,8)
(7403,8)
(7404,8)
(7405,8)
(7406,8)
(7407,8)
(7408,8)
(7409,8)
(7410,8)
(7411,8)
(7412,8)
(7413,8)
(7414,8)
(7415,8)
(7416,8)
(7417,8)
(7418,8)
(7419,8)
(7420,8)
(7421,8)
(7422,8)
(7423,8)
(7424,8)
(7425,8)
(7426,8)
(7427,8)
(7428,8)
(7429,8)
(7430,8)
(7431,8)
(7432,8)
(7433,8)
(7434,8)
(7435,8)
(7436,8)
(7437,8)
(7438,8)
(7439,8)
(7440,8)
(7441,8)
(7442,8)
(7443,8)
(7444,8)
(7445,8)
(7446,8)
(7447,8)
(7448,8)
(7449,8)
(7450,8)
(7451,8)
(7452,8)
(7453,8)
(7454,8)
(7455,8)
(7456,8)
(7457,8)
(7458,8)
(7459,8)
(7460,8)
(7461,8)
(7462,8)
(7463,8)
(7464,8)
(7465,8)
(7466,8)
(7467,8)
(7468,8)
(7469,8)
(7470,8)
(7471,8)
(7472,8)
(7473,8)
(7474,8)
(7475,8)
(7476,8)
(7477,8)
(7478,8)
(7479,8)
(7480,8)
(7481,8)
(7482,8)
(7483,8)
(7484,8)
(7485,8)
(7486,8)
(7487,8)
(7488,8)
(7489,8)
(7490,8)
(7491,8)
(7492,8)
(7493,8)
(7494,8)
(7495,8)
(7496,8)
(7497,8)
(7498,8)
(7499,8)
(7500,8)
(7501,8)
(7502,8)
(7503,8)
(7504,8)
(7505,8)
(7506,8)
(7507,8)
(7508,8)
(7509,8)
(7510,8)
(7511,8)
(7512,8)
(7513,8)
(7514,8)
(7515,8)
(7516,8)
(7517,8)
(7518,8)
(7519,8)
(7520,8)
(7521,8)
(7522,8)
(7523,8)
(7524,8)
(7525,8)
(7526,8)
(7527,8)
(7528,8)
(7529,8)
(7530,8)
(7531,8)
(7532,8)
(7533,8)
(7534,8)
(7535,8)
(7536,8)
(7537,8)
(7538,8)
(7539,8)
(7540,8)
(7541,8)
(7542,8)
(7543,8)
(7544,8)
(7545,8)
(7546,8)
(7547,8)
(7548,8)
(7549,8)
(7550,8)
(7551,8)
(7552,8)
(7553,8)
(7554,8)
(7555,8)
(7556,8)
(7557,8)
(7558,8)
(7559,8)
(7560,8)
(7561,8)
(7562,8)
(7563,8)
(7564,8)
(7565,8)
(7566,8)
(7567,8)
(7568,8)
(7569,8)
(7570,8)
(7571,8)
(7572,8)
(7573,8)
(7574,8)
(7575,8)
(7576,8)
(7577,8)
(7578,8)
(7579,8)
(7580,8)
(7581,8)
(7582,8)
(7583,8)
(7584,8)
(7585,8)
(7586,8)
(7587,8)
(7588,8)
(7589,8)
(7590,8)
(7591,8)
(7592,8)
(7593,8)
(7594,8)
(7595,8)
(7596,8)
(7597,8)
(7598,8)
(7599,8)
(7600,8)
(7601,8)
(7602,8)
(7603,8)
(7604,8)
(7605,8)
(7606,8)
(7607,8)
(7608,8)
(7609,8)
(7610,8)
(7611,8)
(7612,8)
(7613,8)
(7614,8)
(7615,8)
(7616,8)
(7617,8)
(7618,8)
(7619,8)
(7620,8)
(7621,8)
(7622,8)
(7623,8)
(7624,8)
(7625,8)
(7626,8)
(7627,8)
(7628,8)
(7629,8)
(7630,8)
(7631,8)
(7632,8)
(7633,8)
(7634,8)
(7635,8)
(7636,8)
(7637,8)
(7638,8)
(7639,8)
(7640,8)
(7641,8)
(7642,8)
(7643,8)
(7644,8)
(7645,8)
(7646,8)
(7647,8)
(7648,8)
(7649,8)
(7650,8)
(7651,8)
(7652,8)
(7653,8)
(7654,8)
(7655,8)
(7656,8)
(7657,8)
(7658,8)
(7659,8)
(7660,8)
(7661,8)
(7662,8)
(7663,8)
(7664,8)
(7665,8)
(7666,8)
(7667,8)
(7668,8)
(7669,8)
(7670,8)
(7671,8)
(7672,8)
(7673,8)
(7674,8)
(7675,8)
(7676,8)
(7677,8)
(7678,8)
(7679,8)
(7680,8)
(7681,8)
(7682,8)
(7683,8)
(7684,8)
(7685,8)
(7686,8)
(7687,8)
(7688,8)
(7689,8)
(7690,8)
(7691,8)
(7692,7)
(7693,7)
(7694,7)
(7695,7)
(7696,7)
(7697,7)
(7698,7)
(7699,7)
(7700,7)
(7701,7)
(7702,7)
(7703,7)
(7704,7)
(7705,7)
(7706,7)
(7707,7)
(7708,7)
(7709,7)
(7710,7)
(7711,7)
(7712,7)
(7713,7)
(7714,7)
(7715,7)
(7716,7)
(7717,7)
(7718,7)
(7719,7)
(7720,7)
(7721,7)
(7722,7)
(7723,7)
(7724,7)
(7725,7)
(7726,7)
(7727,7)
(7728,7)
(7729,7)
(7730,7)
(7731,7)
(7732,7)
(7733,7)
(7734,7)
(7735,7)
(7736,7)
(7737,7)
(7738,7)
(7739,7)
(7740,7)
(7741,7)
(7742,7)
(7743,7)
(7744,7)
(7745,7)
(7746,7)
(7747,7)
(7748,7)
(7749,7)
(7750,7)
(7751,7)
(7752,7)
(7753,7)
(7754,7)
(7755,7)
(7756,7)
(7757,7)
(7758,7)
(7759,7)
(7760,7)
(7761,7)
(7762,7)
(7763,7)
(7764,7)
(7765,7)
(7766,7)
(7767,7)
(7768,7)
(7769,7)
(7770,7)
(7771,7)
(7772,7)
(7773,7)
(7774,7)
(7775,7)
(7776,7)
(7777,7)
(7778,7)
(7779,7)
(7780,7)
(7781,7)
(7782,7)
(7783,7)
(7784,7)
(7785,7)
(7786,7)
(7787,7)
(7788,7)
(7789,7)
(7790,7)
(7791,7)
(7792,7)
(7793,7)
(7794,7)
(7795,7)
(7796,7)
(7797,7)
(7798,7)
(7799,7)
(7800,7)
(7801,7)
(7802,7)
(7803,7)
(7804,7)
(7805,7)
(7806,7)
(7807,7)
(7808,7)
(7809,7)
(7810,7)
(7811,7)
(7812,7)
(7813,7)
(7814,7)
(7815,7)
(7816,7)
(7817,7)
(7818,7)
(7819,7)
(7820,7)
(7821,7)
(7822,7)
(7823,7)
(7824,7)
(7825,7)
(7826,7)
(7827,7)
(7828,7)
(7829,7)
(7830,7)
(7831,7)
(7832,7)
(7833,7)
(7834,7)
(7835,7)
(7836,7)
(7837,7)
(7838,7)
(7839,7)
(7840,7)
(7841,7)
(7842,7)
(7843,7)
(7844,7)
(7845,7)
(7846,7)
(7847,7)
(7848,7)
(7849,7)
(7850,7)
(7851,7)
(7852,7)
(7853,7)
(7854,7)
(7855,7)
(7856,7)
(7857,7)
(7858,7)
(7859,7)
(7860,7)
(7861,7)
(7862,7)
(7863,7)
(7864,7)
(7865,7)
(7866,7)
(7867,7)
(7868,7)
(7869,7)
(7870,7)
(7871,7)
(7872,7)
(7873,7)
(7874,7)
(7875,7)
(7876,7)
(7877,7)
(7878,7)
(7879,7)
(7880,7)
(7881,7)
(7882,7)
(7883,7)
(7884,7)
(7885,7)
(7886,7)
(7887,7)
(7888,7)
(7889,7)
(7890,7)
(7891,7)
(7892,7)
(7893,7)
(7894,7)
(7895,7)
(7896,7)
(7897,7)
(7898,7)
(7899,7)
(7900,7)
(7901,7)
(7902,7)
(7903,7)
(7904,7)
(7905,7)
(7906,7)
(7907,7)
(7908,7)
(7909,7)
(7910,7)
(7911,7)
(7912,7)
(7913,7)
(7914,7)
(7915,7)
(7916,7)
(7917,7)
(7918,7)
(7919,7)
(7920,7)
(7921,7)
(7922,7)
(7923,7)
(7924,7)
(7925,7)
(7926,7)
(7927,7)
(7928,7)
(7929,7)
(7930,7)
(7931,7)
(7932,7)
(7933,7)
(7934,7)
(7935,7)
(7936,7)
(7937,7)
(7938,7)
(7939,7)
(7940,7)
(7941,7)
(7942,7)
(7943,7)
(7944,7)
(7945,7)
(7946,7)
(7947,7)
(7948,7)
(7949,7)
(7950,7)
(7951,7)
(7952,7)
(7953,7)
(7954,7)
(7955,7)
(7956,7)
(7957,7)
(7958,7)
(7959,7)
(7960,7)
(7961,7)
(7962,7)
(7963,7)
(7964,7)
(7965,7)
(7966,7)
(7967,7)
(7968,7)
(7969,7)
(7970,7)
(7971,7)
(7972,7)
(7973,7)
(7974,7)
(7975,7)
(7976,7)
(7977,7)
(7978,7)
(7979,7)
(7980,7)
(7981,7)
(7982,7)
(7983,7)
(7984,7)
(7985,7)
(7986,7)
(7987,7)
(7988,7)
(7989,7)
(7990,7)
(7991,7)
(7992,7)
(7993,7)
(7994,7)
(7995,7)
(7996,7)
(7997,7)
(7998,7)
(7999,7)
(8000,7)
(8001,7)
(8002,7)
(8003,7)
(8004,7)
(8005,7)
(8006,7)
(8007,7)
(8008,7)
(8009,7)
(8010,7)
(8011,7)
(8012,7)
(8013,7)
(8014,7)
(8015,7)
(8016,7)
(8017,7)
(8018,7)
(8019,7)
(8020,7)
(8021,7)
(8022,7)
(8023,7)
(8024,7)
(8025,7)
(8026,7)
(8027,7)
(8028,7)
(8029,7)
(8030,7)
(8031,7)
(8032,7)
(8033,7)
(8034,7)
(8035,7)
(8036,7)
(8037,7)
(8038,7)
(8039,7)
(8040,7)
(8041,7)
(8042,7)
(8043,7)
(8044,7)
(8045,7)
(8046,7)
(8047,7)
(8048,7)
(8049,7)
(8050,7)
(8051,7)
(8052,7)
(8053,7)
(8054,7)
(8055,7)
(8056,7)
(8057,7)
(8058,7)
(8059,7)
(8060,7)
(8061,7)
(8062,7)
(8063,7)
(8064,7)
(8065,7)
(8066,7)
(8067,7)
(8068,7)
(8069,7)
(8070,7)
(8071,7)
(8072,7)
(8073,7)
(8074,7)
(8075,7)
(8076,7)
(8077,7)
(8078,7)
(8079,7)
(8080,7)
(8081,7)
(8082,7)
(8083,7)
(8084,7)
(8085,7)
(8086,7)
(8087,7)
(8088,7)
(8089,7)
(8090,7)
(8091,7)
(8092,7)
(8093,7)
(8094,7)
(8095,7)
(8096,7)
(8097,7)
(8098,7)
(8099,7)
(8100,7)
(8101,7)
(8102,7)
(8103,7)
(8104,7)
(8105,7)
(8106,7)
(8107,7)
(8108,7)
(8109,7)
(8110,7)
(8111,7)
(8112,7)
(8113,7)
(8114,7)
(8115,7)
(8116,7)
(8117,7)
(8118,7)
(8119,7)
(8120,7)
(8121,7)
(8122,7)
(8123,7)
(8124,7)
(8125,7)
(8126,7)
(8127,7)
(8128,7)
(8129,7)
(8130,7)
(8131,7)
(8132,7)
(8133,7)
(8134,7)
(8135,7)
(8136,7)
(8137,7)
(8138,7)
(8139,7)
(8140,7)
(8141,7)
(8142,7)
(8143,7)
(8144,7)
(8145,7)
(8146,7)
(8147,7)
(8148,7)
(8149,7)
(8150,7)
(8151,7)
(8152,7)
(8153,7)
(8154,7)
(8155,7)
(8156,7)
(8157,7)
(8158,7)
(8159,7)
(8160,7)
(8161,7)
(8162,7)
(8163,7)
(8164,7)
(8165,7)
(8166,7)
(8167,7)
(8168,7)
(8169,7)
(8170,7)
(8171,7)
(8172,7)
(8173,7)
(8174,7)
(8175,7)
(8176,7)
(8177,7)
(8178,7)
(8179,7)
(8180,7)
(8181,7)
(8182,7)
(8183,7)
(8184,7)
(8185,7)
(8186,7)
(8187,7)
(8188,7)
(8189,7)
(8190,7)
(8191,7)
(8192,7)
(8193,7)
(8194,7)
(8195,7)
(8196,7)
(8197,7)
(8198,7)
(8199,7)
(8200,7)
(8201,7)
(8202,7)
(8203,7)
(8204,7)
(8205,7)
(8206,7)
(8207,7)
(8208,7)
(8209,7)
(8210,7)
(8211,7)
(8212,7)
(8213,7)
(8214,7)
(8215,7)
(8216,7)
(8217,7)
(8218,7)
(8219,7)
(8220,7)
(8221,7)
(8222,7)
(8223,7)
(8224,7)
(8225,7)
(8226,7)
(8227,7)
(8228,7)
(8229,7)
(8230,7)
(8231,7)
(8232,7)
(8233,7)
(8234,7)
(8235,7)
(8236,7)
(8237,7)
(8238,7)
(8239,7)
(8240,7)
(8241,7)
(8242,7)
(8243,7)
(8244,7)
(8245,7)
(8246,7)
(8247,7)
(8248,7)
(8249,7)
(8250,7)
(8251,7)
(8252,7)
(8253,7)
(8254,7)
(8255,7)
(8256,7)
(8257,7)
(8258,7)
(8259,7)
(8260,7)
(8261,7)
(8262,7)
(8263,7)
(8264,7)
(8265,7)
(8266,7)
(8267,7)
(8268,7)
(8269,7)
(8270,7)
(8271,7)
(8272,7)
(8273,7)
(8274,7)
(8275,7)
(8276,7)
(8277,7)
(8278,7)
(8279,7)
(8280,7)
(8281,7)
(8282,7)
(8283,7)
(8284,7)
(8285,7)
(8286,7)
(8287,7)
(8288,7)
(8289,7)
(8290,7)
(8291,7)
(8292,7)
(8293,7)
(8294,7)
(8295,7)
(8296,7)
(8297,7)
(8298,7)
(8299,7)
(8300,7)
(8301,7)
(8302,7)
(8303,7)
(8304,7)
(8305,7)
(8306,7)
(8307,7)
(8308,7)
(8309,7)
(8310,7)
(8311,7)
(8312,7)
(8313,7)
(8314,7)
(8315,7)
(8316,7)
(8317,7)
(8318,7)
(8319,7)
(8320,7)
(8321,7)
(8322,7)
(8323,7)
(8324,7)
(8325,7)
(8326,7)
(8327,7)
(8328,7)
(8329,7)
(8330,7)
(8331,7)
(8332,7)
(8333,7)
(8334,7)
(8335,7)
(8336,7)
(8337,7)
(8338,7)
(8339,7)
(8340,7)
(8341,7)
(8342,7)
(8343,7)
(8344,7)
(8345,7)
(8346,7)
(8347,7)
(8348,7)
(8349,7)
(8350,7)
(8351,7)
(8352,7)
(8353,7)
(8354,7)
(8355,7)
(8356,7)
(8357,7)
(8358,7)
(8359,7)
(8360,7)
(8361,7)
(8362,7)
(8363,7)
(8364,7)
(8365,7)
(8366,7)
(8367,7)
(8368,7)
(8369,7)
(8370,7)
(8371,7)
(8372,7)
(8373,7)
(8374,7)
(8375,7)
(8376,7)
(8377,7)
(8378,7)
(8379,7)
(8380,7)
(8381,7)
(8382,7)
(8383,7)
(8384,7)
(8385,7)
(8386,7)
(8387,7)
(8388,7)
(8389,7)
(8390,7)
(8391,7)
(8392,7)
(8393,7)
(8394,7)
(8395,7)
(8396,7)
(8397,7)
(8398,7)
(8399,7)
(8400,7)
(8401,7)
(8402,7)
(8403,7)
(8404,7)
(8405,7)
(8406,7)
(8407,7)
(8408,7)
(8409,7)
(8410,7)
(8411,7)
(8412,7)
(8413,7)
(8414,7)
(8415,7)
(8416,7)
(8417,7)
(8418,7)
(8419,7)
(8420,7)
(8421,7)
(8422,7)
(8423,7)
(8424,7)
(8425,7)
(8426,7)
(8427,7)
(8428,7)
(8429,7)
(8430,7)
(8431,7)
(8432,7)
(8433,7)
(8434,7)
(8435,7)
(8436,7)
(8437,7)
(8438,7)
(8439,7)
(8440,7)
(8441,7)
(8442,7)
(8443,7)
(8444,7)
(8445,7)
(8446,7)
(8447,7)
(8448,7)
(8449,7)
(8450,7)
(8451,7)
(8452,7)
(8453,7)
(8454,7)
(8455,7)
(8456,7)
(8457,7)
(8458,7)
(8459,7)
(8460,7)
(8461,7)
(8462,7)
(8463,7)
(8464,7)
(8465,7)
(8466,7)
(8467,7)
(8468,7)
(8469,7)
(8470,7)
(8471,6)
(8472,6)
(8473,6)
(8474,6)
(8475,6)
(8476,6)
(8477,6)
(8478,6)
(8479,6)
(8480,6)
(8481,6)
(8482,6)
(8483,6)
(8484,6)
(8485,6)
(8486,6)
(8487,6)
(8488,6)
(8489,6)
(8490,6)
(8491,6)
(8492,6)
(8493,6)
(8494,6)
(8495,6)
(8496,6)
(8497,6)
(8498,6)
(8499,6)
(8500,6)
(8501,6)
(8502,6)
(8503,6)
(8504,6)
(8505,6)
(8506,6)
(8507,6)
(8508,6)
(8509,6)
(8510,6)
(8511,6)
(8512,6)
(8513,6)
(8514,6)
(8515,6)
(8516,6)
(8517,6)
(8518,6)
(8519,6)
(8520,6)
(8521,6)
(8522,6)
(8523,6)
(8524,6)
(8525,6)
(8526,6)
(8527,6)
(8528,6)
(8529,6)
(8530,6)
(8531,6)
(8532,6)
(8533,6)
(8534,6)
(8535,6)
(8536,6)
(8537,6)
(8538,6)
(8539,6)
(8540,6)
(8541,6)
(8542,6)
(8543,6)
(8544,6)
(8545,6)
(8546,6)
(8547,6)
(8548,6)
(8549,6)
(8550,6)
(8551,6)
(8552,6)
(8553,6)
(8554,6)
(8555,6)
(8556,6)
(8557,6)
(8558,6)
(8559,6)
(8560,6)
(8561,6)
(8562,6)
(8563,6)
(8564,6)
(8565,6)
(8566,6)
(8567,6)
(8568,6)
(8569,6)
(8570,6)
(8571,6)
(8572,6)
(8573,6)
(8574,6)
(8575,6)
(8576,6)
(8577,6)
(8578,6)
(8579,6)
(8580,6)
(8581,6)
(8582,6)
(8583,6)
(8584,6)
(8585,6)
(8586,6)
(8587,6)
(8588,6)
(8589,6)
(8590,6)
(8591,6)
(8592,6)
(8593,6)
(8594,6)
(8595,6)
(8596,6)
(8597,6)
(8598,6)
(8599,6)
(8600,6)
(8601,6)
(8602,6)
(8603,6)
(8604,6)
(8605,6)
(8606,6)
(8607,6)
(8608,6)
(8609,6)
(8610,6)
(8611,6)
(8612,6)
(8613,6)
(8614,6)
(8615,6)
(8616,6)
(8617,6)
(8618,6)
(8619,6)
(8620,6)
(8621,6)
(8622,6)
(8623,6)
(8624,6)
(8625,6)
(8626,6)
(8627,6)
(8628,6)
(8629,6)
(8630,6)
(8631,6)
(8632,6)
(8633,6)
(8634,6)
(8635,6)
(8636,6)
(8637,6)
(8638,6)
(8639,6)
(8640,6)
(8641,6)
(8642,6)
(8643,6)
(8644,6)
(8645,6)
(8646,6)
(8647,6)
(8648,6)
(8649,6)
(8650,6)
(8651,6)
(8652,6)
(8653,6)
(8654,6)
(8655,6)
(8656,6)
(8657,6)
(8658,6)
(8659,6)
(8660,6)
(8661,6)
(8662,6)
(8663,6)
(8664,6)
(8665,6)
(8666,6)
(8667,6)
(8668,6)
(8669,6)
(8670,6)
(8671,6)
(8672,6)
(8673,6)
(8674,6)
(8675,6)
(8676,6)
(8677,6)
(8678,6)
(8679,6)
(8680,6)
(8681,6)
(8682,6)
(8683,6)
(8684,6)
(8685,6)
(8686,6)
(8687,6)
(8688,6)
(8689,6)
(8690,6)
(8691,6)
(8692,6)
(8693,6)
(8694,6)
(8695,6)
(8696,6)
(8697,6)
(8698,6)
(8699,6)
(8700,6)
(8701,6)
(8702,6)
(8703,6)
(8704,6)
(8705,6)
(8706,6)
(8707,6)
(8708,6)
(8709,6)
(8710,6)
(8711,6)
(8712,6)
(8713,6)
(8714,6)
(8715,6)
(8716,6)
(8717,6)
(8718,6)
(8719,6)
(8720,6)
(8721,6)
(8722,6)
(8723,6)
(8724,6)
(8725,6)
(8726,6)
(8727,6)
(8728,6)
(8729,6)
(8730,6)
(8731,6)
(8732,6)
(8733,6)
(8734,6)
(8735,6)
(8736,6)
(8737,6)
(8738,6)
(8739,6)
(8740,6)
(8741,6)
(8742,6)
(8743,6)
(8744,6)
(8745,6)
(8746,6)
(8747,6)
(8748,6)
(8749,6)
(8750,6)
(8751,6)
(8752,6)
(8753,6)
(8754,6)
(8755,6)
(8756,6)
(8757,6)
(8758,6)
(8759,6)
(8760,6)
(8761,6)
(8762,6)
(8763,6)
(8764,6)
(8765,6)
(8766,6)
(8767,6)
(8768,6)
(8769,6)
(8770,6)
(8771,6)
(8772,6)
(8773,6)
(8774,6)
(8775,6)
(8776,6)
(8777,6)
(8778,6)
(8779,6)
(8780,6)
(8781,6)
(8782,6)
(8783,6)
(8784,6)
(8785,6)
(8786,6)
(8787,6)
(8788,6)
(8789,6)
(8790,6)
(8791,6)
(8792,6)
(8793,6)
(8794,6)
(8795,6)
(8796,6)
(8797,6)
(8798,6)
(8799,6)
(8800,6)
(8801,6)
(8802,6)
(8803,6)
(8804,6)
(8805,6)
(8806,6)
(8807,6)
(8808,6)
(8809,6)
(8810,6)
(8811,6)
(8812,6)
(8813,6)
(8814,6)
(8815,6)
(8816,6)
(8817,6)
(8818,6)
(8819,6)
(8820,6)
(8821,6)
(8822,6)
(8823,6)
(8824,6)
(8825,6)
(8826,6)
(8827,6)
(8828,6)
(8829,6)
(8830,6)
(8831,6)
(8832,6)
(8833,6)
(8834,6)
(8835,6)
(8836,6)
(8837,6)
(8838,6)
(8839,6)
(8840,6)
(8841,6)
(8842,6)
(8843,6)
(8844,6)
(8845,6)
(8846,6)
(8847,6)
(8848,6)
(8849,6)
(8850,6)
(8851,6)
(8852,6)
(8853,6)
(8854,6)
(8855,6)
(8856,6)
(8857,6)
(8858,6)
(8859,6)
(8860,6)
(8861,6)
(8862,6)
(8863,6)
(8864,6)
(8865,6)
(8866,6)
(8867,6)
(8868,6)
(8869,6)
(8870,6)
(8871,6)
(8872,6)
(8873,6)
(8874,6)
(8875,6)
(8876,6)
(8877,6)
(8878,6)
(8879,6)
(8880,6)
(8881,6)
(8882,6)
(8883,6)
(8884,6)
(8885,6)
(8886,6)
(8887,6)
(8888,6)
(8889,6)
(8890,6)
(8891,6)
(8892,6)
(8893,6)
(8894,6)
(8895,6)
(8896,6)
(8897,6)
(8898,6)
(8899,6)
(8900,6)
(8901,6)
(8902,6)
(8903,6)
(8904,6)
(8905,6)
(8906,6)
(8907,6)
(8908,6)
(8909,6)
(8910,6)
(8911,6)
(8912,6)
(8913,6)
(8914,6)
(8915,6)
(8916,6)
(8917,6)
(8918,6)
(8919,6)
(8920,6)
(8921,6)
(8922,6)
(8923,6)
(8924,6)
(8925,6)
(8926,6)
(8927,6)
(8928,6)
(8929,6)
(8930,6)
(8931,6)
(8932,6)
(8933,6)
(8934,6)
(8935,6)
(8936,6)
(8937,6)
(8938,6)
(8939,6)
(8940,6)
(8941,6)
(8942,6)
(8943,6)
(8944,6)
(8945,6)
(8946,6)
(8947,6)
(8948,6)
(8949,6)
(8950,6)
(8951,6)
(8952,6)
(8953,6)
(8954,6)
(8955,6)
(8956,6)
(8957,6)
(8958,6)
(8959,6)
(8960,6)
(8961,6)
(8962,6)
(8963,6)
(8964,6)
(8965,6)
(8966,6)
(8967,6)
(8968,6)
(8969,6)
(8970,6)
(8971,6)
(8972,6)
(8973,6)
(8974,6)
(8975,6)
(8976,6)
(8977,6)
(8978,6)
(8979,6)
(8980,6)
(8981,6)
(8982,6)
(8983,6)
(8984,6)
(8985,6)
(8986,6)
(8987,6)
(8988,6)
(8989,6)
(8990,6)
(8991,6)
(8992,6)
(8993,6)
(8994,6)
(8995,6)
(8996,6)
(8997,6)
(8998,6)
(8999,6)
(9000,6)
(9001,6)
(9002,6)
(9003,6)
(9004,6)
(9005,6)
(9006,6)
(9007,6)
(9008,6)
(9009,6)
(9010,6)
(9011,6)
(9012,6)
(9013,6)
(9014,6)
(9015,6)
(9016,6)
(9017,6)
(9018,6)
(9019,6)
(9020,6)
(9021,6)
(9022,6)
(9023,6)
(9024,6)
(9025,6)
(9026,6)
(9027,6)
(9028,6)
(9029,6)
(9030,6)
(9031,6)
(9032,6)
(9033,6)
(9034,6)
(9035,6)
(9036,6)
(9037,6)
(9038,6)
(9039,6)
(9040,6)
(9041,6)
(9042,6)
(9043,6)
(9044,6)
(9045,6)
(9046,6)
(9047,6)
(9048,6)
(9049,6)
(9050,6)
(9051,6)
(9052,6)
(9053,6)
(9054,6)
(9055,6)
(9056,6)
(9057,6)
(9058,6)
(9059,6)
(9060,6)
(9061,6)
(9062,6)
(9063,6)
(9064,6)
(9065,6)
(9066,6)
(9067,6)
(9068,6)
(9069,6)
(9070,6)
(9071,6)
(9072,6)
(9073,6)
(9074,6)
(9075,6)
(9076,6)
(9077,6)
(9078,6)
(9079,6)
(9080,6)
(9081,6)
(9082,6)
(9083,6)
(9084,6)
(9085,6)
(9086,6)
(9087,6)
(9088,6)
(9089,6)
(9090,6)
(9091,6)
(9092,6)
(9093,6)
(9094,6)
(9095,6)
(9096,6)
(9097,6)
(9098,6)
(9099,6)
(9100,6)
(9101,6)
(9102,6)
(9103,6)
(9104,6)
(9105,6)
(9106,6)
(9107,6)
(9108,6)
(9109,6)
(9110,6)
(9111,6)
(9112,6)
(9113,6)
(9114,6)
(9115,6)
(9116,6)
(9117,6)
(9118,6)
(9119,6)
(9120,6)
(9121,6)
(9122,6)
(9123,6)
(9124,6)
(9125,6)
(9126,6)
(9127,6)
(9128,6)
(9129,6)
(9130,6)
(9131,6)
(9132,6)
(9133,6)
(9134,6)
(9135,6)
(9136,6)
(9137,6)
(9138,6)
(9139,6)
(9140,6)
(9141,6)
(9142,6)
(9143,6)
(9144,6)
(9145,6)
(9146,6)
(9147,6)
(9148,6)
(9149,6)
(9150,6)
(9151,6)
(9152,6)
(9153,6)
(9154,6)
(9155,6)
(9156,6)
(9157,6)
(9158,6)
(9159,6)
(9160,6)
(9161,6)
(9162,6)
(9163,6)
(9164,6)
(9165,6)
(9166,6)
(9167,6)
(9168,6)
(9169,6)
(9170,6)
(9171,6)
(9172,6)
(9173,6)
(9174,6)
(9175,6)
(9176,6)
(9177,6)
(9178,6)
(9179,6)
(9180,6)
(9181,6)
(9182,6)
(9183,6)
(9184,6)
(9185,6)
(9186,6)
(9187,6)
(9188,6)
(9189,6)
(9190,6)
(9191,6)
(9192,6)
(9193,6)
(9194,6)
(9195,6)
(9196,6)
(9197,6)
(9198,6)
(9199,6)
(9200,6)
(9201,6)
(9202,6)
(9203,6)
(9204,6)
(9205,6)
(9206,6)
(9207,6)
(9208,6)
(9209,6)
(9210,6)
(9211,6)
(9212,6)
(9213,6)
(9214,6)
(9215,6)
(9216,6)
(9217,6)
(9218,6)
(9219,6)
(9220,6)
(9221,6)
(9222,6)
(9223,6)
(9224,6)
(9225,6)
(9226,6)
(9227,6)
(9228,6)
(9229,6)
(9230,6)
(9231,6)
(9232,6)
(9233,6)
(9234,6)
(9235,6)
(9236,6)
(9237,6)
(9238,6)
(9239,6)
(9240,6)
(9241,6)
(9242,6)
(9243,6)
(9244,6)
(9245,6)
(9246,6)
(9247,6)
(9248,6)
(9249,6)
(9250,6)
(9251,6)
(9252,6)
(9253,6)
(9254,6)
(9255,6)
(9256,6)
(9257,6)
(9258,6)
(9259,6)
(9260,6)
(9261,6)
(9262,6)
(9263,6)
(9264,6)
(9265,6)
(9266,6)
(9267,6)
(9268,6)
(9269,6)
(9270,6)
(9271,6)
(9272,6)
(9273,6)
(9274,6)
(9275,6)
(9276,6)
(9277,6)
(9278,6)
(9279,6)
(9280,6)
(9281,6)
(9282,6)
(9283,6)
(9284,6)
(9285,6)
(9286,6)
(9287,6)
(9288,6)
(9289,6)
(9290,6)
(9291,6)
(9292,6)
(9293,6)
(9294,6)
(9295,6)
(9296,6)
(9297,6)
(9298,6)
(9299,6)
(9300,6)
(9301,6)
(9302,6)
(9303,6)
(9304,6)
(9305,6)
(9306,6)
(9307,6)
(9308,6)
(9309,6)
(9310,6)
(9311,6)
(9312,6)
(9313,6)
(9314,6)
(9315,6)
(9316,6)
(9317,6)
(9318,6)
(9319,6)
(9320,6)
(9321,6)
(9322,6)
(9323,6)
(9324,6)
(9325,6)
(9326,6)
(9327,6)
(9328,6)
(9329,6)
(9330,6)
(9331,6)
(9332,6)
(9333,6)
(9334,6)
(9335,6)
(9336,6)
(9337,6)
(9338,6)
(9339,6)
(9340,6)
(9341,6)
(9342,6)
(9343,6)
(9344,6)
(9345,6)
(9346,6)
(9347,6)
(9348,6)
(9349,6)
(9350,6)
(9351,6)
(9352,6)
(9353,6)
(9354,6)
(9355,6)
(9356,6)
(9357,6)
(9358,6)
(9359,6)
(9360,6)
(9361,6)
(9362,6)
(9363,6)
(9364,6)
(9365,6)
(9366,6)
(9367,6)
(9368,6)
(9369,6)
(9370,6)
(9371,6)
(9372,6)
(9373,6)
(9374,6)
(9375,6)
(9376,6)
(9377,6)
(9378,6)
(9379,6)
(9380,6)
(9381,6)
(9382,6)
(9383,6)
(9384,6)
(9385,6)
(9386,6)
(9387,6)
(9388,6)
(9389,6)
(9390,6)
(9391,6)
(9392,6)
(9393,6)
(9394,6)
(9395,6)
(9396,6)
(9397,6)
(9398,6)
(9399,6)
(9400,6)
(9401,6)
(9402,6)
(9403,6)
(9404,6)
(9405,6)
(9406,6)
(9407,6)
(9408,6)
(9409,6)
(9410,6)
(9411,6)
(9412,6)
(9413,6)
(9414,6)
(9415,6)
(9416,6)
(9417,6)
(9418,6)
(9419,6)
(9420,6)
(9421,6)
(9422,6)
(9423,6)
(9424,6)
(9425,6)
(9426,6)
(9427,6)
(9428,6)
(9429,6)
(9430,6)
(9431,6)
(9432,6)
(9433,6)
(9434,6)
(9435,6)
(9436,6)
(9437,6)
(9438,6)
(9439,6)
(9440,6)
(9441,6)
(9442,6)
(9443,6)
(9444,6)
(9445,6)
(9446,6)
(9447,6)
(9448,6)
(9449,6)
(9450,6)
(9451,6)
(9452,6)
(9453,6)
(9454,6)
(9455,6)
(9456,6)
(9457,6)
(9458,6)
(9459,6)
(9460,6)
(9461,6)
(9462,6)
(9463,6)
(9464,6)
(9465,6)
(9466,6)
(9467,6)
(9468,6)
(9469,6)
(9470,6)
(9471,6)
(9472,6)
(9473,6)
(9474,6)
(9475,6)
(9476,6)
(9477,6)
(9478,6)
(9479,6)
(9480,6)
(9481,6)
(9482,6)
(9483,6)
(9484,6)
(9485,6)
(9486,6)
(9487,6)
(9488,6)
(9489,6)
(9490,6)
(9491,6)
(9492,6)
(9493,6)
(9494,6)
(9495,6)
(9496,6)
(9497,6)
(9498,6)
(9499,6)
(9500,6)
(9501,6)
(9502,6)
(9503,6)
(9504,6)
(9505,6)
(9506,6)
(9507,6)
(9508,6)
(9509,6)
(9510,6)
(9511,6)
(9512,5)
(9513,5)
(9514,5)
(9515,5)
(9516,5)
(9517,5)
(9518,5)
(9519,5)
(9520,5)
(9521,5)
(9522,5)
(9523,5)
(9524,5)
(9525,5)
(9526,5)
(9527,5)
(9528,5)
(9529,5)
(9530,5)
(9531,5)
(9532,5)
(9533,5)
(9534,5)
(9535,5)
(9536,5)
(9537,5)
(9538,5)
(9539,5)
(9540,5)
(9541,5)
(9542,5)
(9543,5)
(9544,5)
(9545,5)
(9546,5)
(9547,5)
(9548,5)
(9549,5)
(9550,5)
(9551,5)
(9552,5)
(9553,5)
(9554,5)
(9555,5)
(9556,5)
(9557,5)
(9558,5)
(9559,5)
(9560,5)
(9561,5)
(9562,5)
(9563,5)
(9564,5)
(9565,5)
(9566,5)
(9567,5)
(9568,5)
(9569,5)
(9570,5)
(9571,5)
(9572,5)
(9573,5)
(9574,5)
(9575,5)
(9576,5)
(9577,5)
(9578,5)
(9579,5)
(9580,5)
(9581,5)
(9582,5)
(9583,5)
(9584,5)
(9585,5)
(9586,5)
(9587,5)
(9588,5)
(9589,5)
(9590,5)
(9591,5)
(9592,5)
(9593,5)
(9594,5)
(9595,5)
(9596,5)
(9597,5)
(9598,5)
(9599,5)
(9600,5)
(9601,5)
(9602,5)
(9603,5)
(9604,5)
(9605,5)
(9606,5)
(9607,5)
(9608,5)
(9609,5)
(9610,5)
(9611,5)
(9612,5)
(9613,5)
(9614,5)
(9615,5)
(9616,5)
(9617,5)
(9618,5)
(9619,5)
(9620,5)
(9621,5)
(9622,5)
(9623,5)
(9624,5)
(9625,5)
(9626,5)
(9627,5)
(9628,5)
(9629,5)
(9630,5)
(9631,5)
(9632,5)
(9633,5)
(9634,5)
(9635,5)
(9636,5)
(9637,5)
(9638,5)
(9639,5)
(9640,5)
(9641,5)
(9642,5)
(9643,5)
(9644,5)
(9645,5)
(9646,5)
(9647,5)
(9648,5)
(9649,5)
(9650,5)
(9651,5)
(9652,5)
(9653,5)
(9654,5)
(9655,5)
(9656,5)
(9657,5)
(9658,5)
(9659,5)
(9660,5)
(9661,5)
(9662,5)
(9663,5)
(9664,5)
(9665,5)
(9666,5)
(9667,5)
(9668,5)
(9669,5)
(9670,5)
(9671,5)
(9672,5)
(9673,5)
(9674,5)
(9675,5)
(9676,5)
(9677,5)
(9678,5)
(9679,5)
(9680,5)
(9681,5)
(9682,5)
(9683,5)
(9684,5)
(9685,5)
(9686,5)
(9687,5)
(9688,5)
(9689,5)
(9690,5)
(9691,5)
(9692,5)
(9693,5)
(9694,5)
(9695,5)
(9696,5)
(9697,5)
(9698,5)
(9699,5)
(9700,5)
(9701,5)
(9702,5)
(9703,5)
(9704,5)
(9705,5)
(9706,5)
(9707,5)
(9708,5)
(9709,5)
(9710,5)
(9711,5)
(9712,5)
(9713,5)
(9714,5)
(9715,5)
(9716,5)
(9717,5)
(9718,5)
(9719,5)
(9720,5)
(9721,5)
(9722,5)
(9723,5)
(9724,5)
(9725,5)
(9726,5)
(9727,5)
(9728,5)
(9729,5)
(9730,5)
(9731,5)
(9732,5)
(9733,5)
(9734,5)
(9735,5)
(9736,5)
(9737,5)
(9738,5)
(9739,5)
(9740,5)
(9741,5)
(9742,5)
(9743,5)
(9744,5)
(9745,5)
(9746,5)
(9747,5)
(9748,5)
(9749,5)
(9750,5)
(9751,5)
(9752,5)
(9753,5)
(9754,5)
(9755,5)
(9756,5)
(9757,5)
(9758,5)
(9759,5)
(9760,5)
(9761,5)
(9762,5)
(9763,5)
(9764,5)
(9765,5)
(9766,5)
(9767,5)
(9768,5)
(9769,5)
(9770,5)
(9771,5)
(9772,5)
(9773,5)
(9774,5)
(9775,5)
(9776,5)
(9777,5)
(9778,5)
(9779,5)
(9780,5)
(9781,5)
(9782,5)
(9783,5)
(9784,5)
(9785,5)
(9786,5)
(9787,5)
(9788,5)
(9789,5)
(9790,5)
(9791,5)
(9792,5)
(9793,5)
(9794,5)
(9795,5)
(9796,5)
(9797,5)
(9798,5)
(9799,5)
(9800,5)
(9801,5)
(9802,5)
(9803,5)
(9804,5)
(9805,5)
(9806,5)
(9807,5)
(9808,5)
(9809,5)
(9810,5)
(9811,5)
(9812,5)
(9813,5)
(9814,5)
(9815,5)
(9816,5)
(9817,5)
(9818,5)
(9819,5)
(9820,5)
(9821,5)
(9822,5)
(9823,5)
(9824,5)
(9825,5)
(9826,5)
(9827,5)
(9828,5)
(9829,5)
(9830,5)
(9831,5)
(9832,5)
(9833,5)
(9834,5)
(9835,5)
(9836,5)
(9837,5)
(9838,5)
(9839,5)
(9840,5)
(9841,5)
(9842,5)
(9843,5)
(9844,5)
(9845,5)
(9846,5)
(9847,5)
(9848,5)
(9849,5)
(9850,5)
(9851,5)
(9852,5)
(9853,5)
(9854,5)
(9855,5)
(9856,5)
(9857,5)
(9858,5)
(9859,5)
(9860,5)
(9861,5)
(9862,5)
(9863,5)
(9864,5)
(9865,5)
(9866,5)
(9867,5)
(9868,5)
(9869,5)
(9870,5)
(9871,5)
(9872,5)
(9873,5)
(9874,5)
(9875,5)
(9876,5)
(9877,5)
(9878,5)
(9879,5)
(9880,5)
(9881,5)
(9882,5)
(9883,5)
(9884,5)
(9885,5)
(9886,5)
(9887,5)
(9888,5)
(9889,5)
(9890,5)
(9891,5)
(9892,5)
(9893,5)
(9894,5)
(9895,5)
(9896,5)
(9897,5)
(9898,5)
(9899,5)
(9900,5)
(9901,5)
(9902,5)
(9903,5)
(9904,5)
(9905,5)
(9906,5)
(9907,5)
(9908,5)
(9909,5)
(9910,5)
(9911,5)
(9912,5)
(9913,5)
(9914,5)
(9915,5)
(9916,5)
(9917,5)
(9918,5)
(9919,5)
(9920,5)
(9921,5)
(9922,5)
(9923,5)
(9924,5)
(9925,5)
(9926,5)
(9927,5)
(9928,5)
(9929,5)
(9930,5)
(9931,5)
(9932,5)
(9933,5)
(9934,5)
(9935,5)
(9936,5)
(9937,5)
(9938,5)
(9939,5)
(9940,5)
(9941,5)
(9942,5)
(9943,5)
(9944,5)
(9945,5)
(9946,5)
(9947,5)
(9948,5)
(9949,5)
(9950,5)
(9951,5)
(9952,5)
(9953,5)
(9954,5)
(9955,5)
(9956,5)
(9957,5)
(9958,5)
(9959,5)
(9960,5)
(9961,5)
(9962,5)
(9963,5)
(9964,5)
(9965,5)
(9966,5)
(9967,5)
(9968,5)
(9969,5)
(9970,5)
(9971,5)
(9972,5)
(9973,5)
(9974,5)
(9975,5)
(9976,5)
(9977,5)
(9978,5)
(9979,5)
(9980,5)
(9981,5)
(9982,5)
(9983,5)
(9984,5)
(9985,5)
(9986,5)
(9987,5)
(9988,5)
(9989,5)
(9990,5)
(9991,5)
(9992,5)
(9993,5)
(9994,5)
(9995,5)
(9996,5)
(9997,5)
(9998,5)
(9999,5)
(10000,5)
